0
0.826446
0.42887
0.308844
0.242699
0.208435
0.185134
0.170975
0.157868
0.148946
0.146036
0.142368
0.145599
0.145222
0.145695
0.145787
0.146445
0.146632
0.14641
0.146853
0.145455
0.146403
0.147223
0.146244
0.146032
0.146459
0.147353
0.149399
0.150482
0.151622
0.153525
0.156244
0.158276
0.159717
0.161324
0.162408
0.162875
0.163054
0.166165
0.167366
0.170015
0.171015
0.172081
0.174337
0.175767
0.176389
0.176574
0.177437
0.178393
0.180139
0.180665
0.182407
0.183258
0.184666
0.186116
0.187178
0.189383
0.190406
0.190636
0.191714
0.19257
0.193783
0.195597
0.197528
0.197828
0.198503
0.19992
0.200236
0.202095
0.202506
0.203224
0.204047
0.204516
0.20499
0.20511
0.206201
0.20699
0.20876
0.209368
0.2105
0.211835
0.21243
0.213444
0.215292
0.216246
0.217402
0.218921
0.22024
0.221293
0.22159
0.222447
0.222808
0.223938
0.225149
0.226334
0.22692
0.228267
0.228705
0.229262
0.230521
0.231015
0.231919
0.232398
0.233395
0.234685
0.235459
0.236598
0.23791
0.238258
0.239492
0.239858
0.241156
0.241409
0.242114
0.242912
0.243203
0.243638
0.244131
0.244829
0.245779
0.247464
0.247826
0.248532
0.248991
0.249861
0.250248
0.25037
0.250857
0.251675
0.252401
0.252638
0.253426
0.253624
0.254629
0.255038
0.255448
0.256467
0.257118
0.257962
0.257929
0.258544
0.258877
0.259858
0.260726
0.260771
0.261363
0.262124
0.262721
0.263163
0.263439
0.263668
0.264605
0.265189
0.26526
0.265444
0.265887
0.2662
0.266233
0.266903
0.267403
0.267627
0.267438
0.267592
0.267816
0.267913
0.268772
0.269224
0.269605
0.270452
0.270483
0.270691
0.270975
0.271536
0.272346
0.272646
0.273466
0.273954
0.273788
0.274215
0.27499
0.275961
0.276558
0.276646
0.277006
0.277447
0.277996
0.278377
0.278607
0.27929
0.279927
0.280242
0.280124
0.280989
0.281099
0.28163
0.281602
0.281925
0.282411
0.282774
0.283018
0.282915
0.283199
0.283658
0.283967
0.284447
0.284611
0.284631
0.284916
0.285514
0.285413
0.285874
0.286219
0.286728
0.286957
0.287426
0.28773
0.287932
0.288183
0.288548
0.288624
0.288869
0.289267
0.289571
0.289895
0.290033
0.29066
0.291233
0.291575
0.291966
0.292348
0.292607
0.292753
0.292868
0.293387
0.293555
0.293963
0.294337
0.29434
0.294439
0.294556
0.294781
0.295015
0.295369
0.295708
0.295863
0.296008
0.295965
0.296375
0.296664
0.297203
0.297424
0.297771
0.298077
0.298468
0.298913
0.299194
0.299464
0.299744
0.300036
0.300174
0.300508
0.300539
0.300644
0.300717
0.301112
0.301294
0.301772
0.30198
0.302058
0.30223
0.302137
0.302171
0.302387
0.302672
0.302816
0.302973
0.303103
0.303516
0.30374
0.303924
0.303845
0.304013
0.304076
0.304156
0.304202
0.30411
0.304418
0.304371
0.3046
0.304677
0.304922
0.30529
0.305309
0.305475
0.305777
0.306025
0.306134
0.306577
0.306779
0.306911
0.307061
0.307492
0.307837
0.307818
0.308222
0.308418
0.308756
0.309041
0.309171
0.309461
0.309449
0.309664
0.309668
0.309858
0.309833
0.310007
0.310166
0.310242
0.31023
0.310578
0.310474
0.310671
0.310762
0.31106
0.311062
0.311328
0.311297
0.311221
0.311252
0.311431
0.311686
0.312027
0.312091
0.312105
0.312228
0.312421
0.312372
0.312469
0.312602
0.31268
0.312706
0.312853
0.312949
0.313069
0.313267
0.313388
0.313371
0.313531
0.313701
0.31388
0.314232
0.314279
0.314283
0.314251
0.314342
0.314298
0.314375
0.314313
0.314402
0.314609
0.314762
0.31478
0.314923
0.315083
0.315394
0.315324
0.315302
0.315474
0.31557
0.315702
0.315807
0.315782
0.316009
0.316224
0.316253
0.316274
0.316366
0.316513
0.316516
0.316677
0.316914
0.316909
0.316991
0.317227
0.317286
0.317624
0.317866
0.318246
0.318382
0.318496
0.318696
0.318675
0.318933
0.31911
0.319149
0.319154
0.319178
0.31931
0.319286
0.319483
0.319509
0.319606
0.319693
0.319718
0.319777
0.319791
0.319996
0.319974
0.320354
0.320507
0.320674
0.320819
0.321042
0.321193
0.321362
0.32132
0.321204
0.321447
0.321577
0.321562
0.321612
0.321741
0.321665
0.321959
0.322145
0.322239
0.322442
0.322501
0.322672
0.322776
0.322725
0.322857
0.322995
0.323172
0.323439
0.323319
0.323509
0.323695
0.323768
0.323971
0.324207
0.324287
0.324318
0.32448
0.324522
0.324601
0.324608
0.324576
0.324698
0.324724
0.32477
0.324922
0.324883
0.32498
0.325116
0.325123
0.325247
0.325422
0.325638
0.325824
0.325837
0.325921
0.325969
0.326214
0.326424
0.326531
0.326573
0.32666
0.326763
0.327079
0.32721
0.327269
0.3272
0.327346
0.327426
0.327586
0.327566
0.327709
0.327818
0.32796
0.328015
0.327945
0.328112
0.328192
0.328277
0.328325
0.328386
0.328519
0.328549
0.328489
0.32847
0.32854
0.328701
0.328887
0.328945
0.329076
0.329129
0.329221
0.32935
0.329522
0.329587
0.329821
0.330001
0.329994
0.330068
0.330312
0.330429
0.330473
0.330715
0.330764
0.330716
0.330759
0.330947
0.331107
0.331271
0.331387
0.331587
0.331539
0.331608
0.331732
0.331841
0.331904
0.332036
0.332066
0.332142
0.332135
0.332234
0.332241
0.332439
0.332427
0.332515
0.332625
0.332717
0.332777
0.332841
0.332892
0.332942
0.332785
0.332845
0.332926
0.333012
0.333061
0.333133
0.333124
0.333085
0.333076
0.333095
0.333196
0.33328
0.333443
0.33343
0.333548
0.33367
0.333726
0.3338
0.333995
0.334015
0.334061
0.334121
0.334227
0.334372
0.334427
0.334575
0.334727
0.334866
0.335026
0.335104
0.335084
0.335158
0.33526
0.335342
0.335419
0.33544
0.335575
0.335753
0.335896
0.336009
0.336029
0.336179
0.336161
0.336202
0.33643
0.336545
0.336688
0.336735
0.336878
0.336872
0.336915
0.336918
0.336974
0.337196
0.337223
0.337364
0.337292
0.337433
0.337608
0.337767
0.3378
0.337951
0.337924
0.338089
0.338198
0.338218
0.338401
0.338474
0.338521
0.338608
0.338609
0.338703
0.33873
0.338938
0.339033
0.338968
0.339038
0.339194
0.339161
0.339113
0.339153
0.3393
0.339344
0.339358
0.339392
0.339386
0.339436
0.339568
0.339725
0.339796
0.339949
0.340097
0.34032
0.340352
0.340579
0.340481
0.340537
0.340562
0.340624
0.340667
0.340701
0.340727
0.340838
0.340898
0.340937
0.340967
0.34106
0.341153
0.341153
0.341244
0.341327
0.341555
0.341636
0.341595
0.341602
0.341664
0.341815
0.341873
0.341834
0.341898
0.341903
0.341919
0.342166
0.342208
0.342395
0.342451
0.342441
0.342514
0.342713
0.342754
0.342876
0.342887
0.342945
0.342975
0.343027
0.343085
0.343226
0.343175
0.343272
0.343306
0.343296
0.343214
0.34321
0.343274
0.3434
0.343487
0.343587
0.343634
0.343775
0.343798
0.343871
0.343887
0.343922
0.34402
0.344077
0.344107
0.344167
0.344188
0.344191
0.344324
0.344359
0.344423
0.344472
0.344609
0.34473
0.344772
0.344807
0.344887
0.344917
0.345013
0.345039
0.345105
0.345231
0.345199
0.345299
0.345334
0.345337
0.345396
0.345459
0.345437
0.345488
0.345576
0.345654
0.34584
0.345949
0.346017
0.346089
0.346183
0.346243
0.346217
0.346216
0.346183
0.346208
0.346257
0.346313
0.34627
0.346396
0.346459
0.346476
0.346572
0.346574
0.346656
0.346767
0.346855
0.34693
0.347016
0.347018
0.347053
0.347155
0.347197
0.347079
0.34721
0.347182
0.347164
0.34721
0.347263
0.347304
0.347338
0.347441
0.347422
0.347355
0.34736
0.347428
0.347433
0.347612
0.347597
0.347708
0.347661
0.347735
0.347793
0.347786
0.347743
0.347805
0.347823
0.347788
0.347852
0.347909
0.347883
0.347856
0.347962
0.347945
0.348024
0.34809
0.348098
0.348183
0.348219
0.34828
0.348273
0.34834
0.348515
0.348571
0.348674
0.348715
0.348822
0.348816
0.348828
0.348812
0.348848
0.348866
0.348811
0.348872
0.34889
0.348853
0.34891
0.348942
0.349001
0.348986
0.34905
0.349167
0.349262
0.349321
0.349401
0.349552
0.349546
0.349626
0.34964
0.349729
0.349668
0.349782
0.349911
0.349872
0.349931
0.349976
0.34998
0.349907
0.349893
0.349968
0.349966
0.34998
0.350014
0.350138
0.350191
0.350165
0.350153
0.350206
0.350276
0.350313
0.350446
0.350434
0.350475
0.350498
0.350509
0.35059
0.350662
0.350784
0.350825
0.350843
0.350867
0.350899
0.350962
0.350977
0.35106
0.351069
0.351069
0.351185
0.351277
0.35136
0.351431
0.351461
0.351461
0.351421
0.351442
0.351435
0.35151
0.351578
0.351724
0.351744
0.351802
0.351846
0.351918
0.351932
0.35204
0.352118
0.352117
0.352174
0.352266
0.352218
0.352303
0.352288
0.352296
0.352398
0.352476
0.352478
0.35258
0.352561
0.352566
0.352621
0.352704
0.352643
0.352665
0.352743
0.352813
0.352783
0.352907
0.352915
0.353033
0.353156
0.353246
0.353355
0.353358
0.353383
0.353507
0.353568
0.353616
0.35364
0.353697
0.353704
0.353738
0.353802
0.353841
0.353936
0.354036
0.354043
0.35411
0.354129
0.354222
0.354182
0.354213
0.354279
0.354347
0.354378
0.354381
0.354457
0.354498
0.354565
0.354638
0.354688
0.354782
0.354815
0.354848
0.354867
0.355014
0.35511
0.355114
0.35517
0.355262
0.355305
0.355408
0.355442
0.355429
0.355436
0.355428
0.355522
0.355533
0.355595
0.355622
0.355749
0.355771
0.355754
0.355837
0.355941
0.355992
0.356024
0.35599
0.35607
0.356109
0.356214
0.356293
0.356213
0.356204
0.356266
0.356307
0.356349
0.356412
0.356469
0.356545
0.356575
0.356599
0.356685
0.356663
0.356616
0.356729
0.356709
0.35677
0.356788
0.356739
0.356781
0.356833
0.356858
0.356881
0.356922
0.357028
0.357084
0.357108
0.357121
0.357147
0.357217
0.357264
0.357216
0.357279
0.357344
0.357419
0.357368
0.35742
0.357484
0.357524
0.357528
0.357456
0.357469
0.357577
0.357654
0.357705
0.357722
0.357743
0.357742
0.357781
0.357778
0.357792
0.35782
0.357855
0.357974
0.358108
0.358169
0.358155
0.358225
0.358299
0.358339
0.358339
0.358301
0.358408
0.358495
0.358523
0.358523
0.358526
0.358534
0.358518
0.35851
0.358496
0.358594
0.358659
0.358738
0.358812
0.358827
0.358869
0.358904
0.358958
0.358956
0.35902
0.358974
0.359048
0.35908
0.359162
0.359244
0.359216
0.3592
0.359267
0.359254
0.359311
0.35926
0.359275
0.359343
0.359381
0.359376
0.359368
0.359404
0.359412
0.359477
0.359494
0.359496
0.359494
0.359471
0.359435
0.35944
0.359495
0.359549
0.359582
0.359643
0.359738
0.359795
0.359813
0.359866
0.359934
0.359955
0.35999
0.359917
0.359953
0.359925
0.360006
0.360048
0.360073
0.360168
0.360171
0.360252
0.360297
0.360325
0.360457
0.360485
0.360475
0.360516
0.360544
0.36054
0.36059
0.36061
0.36065
0.360664
0.360761
0.360789
0.360811
0.360875
0.360844
0.360879
0.361064
0.361125
0.361157
0.361202
0.361169
0.361175
0.361164
0.361148
0.361174
0.361198
0.361144
0.361135
0.361171
0.361188
0.361138
0.361071
0.361076
0.361095
0.361123
0.361139
0.361071
0.361116
0.361147
0.361153
0.361192
0.361225
0.361254
0.361275
0.361337
0.361408
0.361439
0.361378
0.361436
0.361472
0.361514
0.361528
0.361513
0.361608
0.361625
0.361678
0.361726
0.361757
0.36183
0.361886
0.361881
0.361899
0.361898
0.361927
0.361975
0.362081
0.362121
0.362173
0.362237
0.362234
0.362295
0.362319
0.362398
0.362432
0.362464
0.362562
0.362612
0.362685
0.362687
0.362761
0.362796
0.362808
0.362891
0.362904
0.362924
0.363003
0.363041
0.363088
0.36311
0.363112
0.363121
0.36314
0.363176
0.363144
0.363159
0.363165
0.363177
0.363253
0.36326
0.363279
0.3633
0.363355
0.363414
0.363443
0.363507
0.363501
0.363526
0.363547
0.36358
0.363616
0.3636
0.363677
0.363737
0.363761
0.363824
0.363846
0.363856
0.363845
0.363836
0.36382
0.363802
0.363868
0.363986
0.364013
0.364044
0.364013
0.36403
0.364061
0.364112
0.364053
0.364099
0.364172
0.364238
0.364265
0.364289
0.364327
0.364399
0.364398
0.364458
0.364485
0.364559
0.364553
0.364635
0.364682
0.364758
0.364807
0.364815
0.36491
0.364901
0.364993
0.365007
0.364984
0.365043
0.365081
0.365127
0.365209
0.365242
0.365255
0.365285
0.365336
0.36538
0.365416
0.365447
0.365456
0.36547
0.365513
0.365578
0.365569
0.365635
0.365664
0.365708
0.365749
0.365747
0.365814
0.365844
0.365882
0.365863
0.365883
0.36591
0.365902
0.365895
0.365933
0.365984
0.365998
0.365988
0.366043
0.366074
0.366092
0.366109
0.366106
0.366142
0.366191
0.366249
0.366291
0.366313
0.366323
0.366376
0.366406
0.366483
0.366547
0.366609
0.36665
0.366671
0.366686
0.366721
0.366737
0.366754
0.366774
0.366745
0.366764
0.366773
0.366823
0.366863
0.366905
0.366959
0.366958
0.367026
0.367014
0.367043
0.367085
0.36708
0.367124
0.367171
0.367217
0.367255
0.367335
0.367322
0.36729
0.367319
0.367322
0.36735
0.367392
0.367468
0.367465
0.367449
0.367453
0.367535
0.367641
0.367725
0.367687
0.367712
0.367746
0.367744
0.367786
0.367817
0.3678
0.36785
0.367784
0.367789
0.367767
0.367764
0.367727
0.367763
0.36773
0.367793
0.367836
0.367826
0.367863
0.367872
0.367889
0.367889
0.367949
0.367959
0.367973
0.367966
0.368016
0.368044
0.368061
0.36811
0.368092
0.368119
0.368187
0.368227
0.36823
0.368317
0.368367
0.368383
0.368427
0.368482
0.36849
0.368496
0.368539
0.368559
0.368567
0.368568
0.368553
0.368599
0.368591
0.368568
0.368595
0.368588
0.36863
0.368687
0.368732
0.368769
0.368802
0.36888
0.368861
0.36884
0.368896
0.368903
0.368916
0.368912
0.368939
0.368988
0.368973
0.368958
0.368968
0.368999
0.369093
0.369165
0.369191
0.36926
0.369327
0.369344
0.369354
0.369392
0.369394
0.369371
0.369387
0.369464
0.369469
0.369458
0.369519
0.369553
0.369558
0.369564
0.369569
0.36959
0.369617
0.369612
0.36965
0.369658
0.369703
0.369756
0.369814
0.369836
0.369829
0.369831
0.369824
0.369818
0.369856
0.369847
0.369881
0.369908
0.369892
0.369885
0.369868
0.369866
0.369909
0.369941
0.370034
0.370016
0.370062
0.370116
0.370153
0.370191
0.370267
0.370212
0.370251
0.370267
0.370324
0.370307
0.370331
0.370362
0.370403
0.370475
0.37045
0.370448
0.370471
0.370473
0.37049
0.370487
0.370506
0.370549
0.370528
0.370543
0.370545
0.370585
0.370612
0.370646
0.370673
0.370697
0.370733
0.370788
0.370789
0.370809
0.370815
0.370804
0.370805
0.370777
0.370787
0.370787
0.370821
0.370819
0.370855
0.370906
0.370914
0.370927
0.37094
0.370945
0.370921
0.370943
0.370945
0.370952
0.370936
0.370945
0.370987
0.371035
0.371058
0.371062
0.371118
0.371139
0.371168
0.371237
0.371251
0.371302
0.371295
0.371352
0.371388
0.371451
0.371424
0.371419
0.371415
0.371446
0.37145
0.371454
0.371422
0.371442
0.371459
0.37144
0.371434
0.371479
0.371515
0.371518
0.371516
0.371507
0.371548
0.371553
0.37155
0.371572
0.371622
0.371622
0.371667
0.37166
0.371661
0.371643
0.371692
0.371709
0.371721
0.37179
0.371786
0.371805
0.371873
0.371912
0.371929
0.371991
0.371987
0.371965
0.37197
0.371971
0.372014
0.372028
0.372057
0.37208
0.372125
0.372164
0.372236
0.372291
0.372295
0.372366
0.372372
0.372376
0.372421
0.372421
0.372425
0.372403
0.372406
0.372436
0.372459
0.372477
0.372549
0.372577
0.372578
0.372569
0.372532
0.372551
0.37257
0.372634
0.372659
0.372744
0.372757
0.372763
0.372791
0.372838
0.372868
0.372908
0.37292
0.372933
0.372941
0.373009
0.373014
0.373006
0.373021
0.373031
0.373051
0.373052
0.373053
0.373064
0.37311
0.373135
0.373215
0.373203
0.373247
0.373275
0.373328
0.373328
0.373341
0.37334
0.373377
0.373346
0.37338
0.373408
0.373456
0.373467
0.373502
0.3735
0.373483
0.373526
0.373549
0.373534
0.373537
0.373542
0.373573
0.373584
0.373607
0.37364
0.373645
0.373684
0.373664
0.373642
0.373651
0.373622
0.373665
0.373662
0.373685
0.373661
0.373669
0.373694
0.373673
0.373666
0.37373
0.373717
0.373766
0.373786
0.373772
0.373746
0.373794
0.373775
0.373797
0.37383
0.373785
0.373794
0.37378
0.373762
0.373773
0.3738
0.373789
0.373821
0.373809
0.373889
0.373926
0.37397
0.373986
0.373998
0.373993
0.373975
0.373989
0.374008
0.373996
0.374003
0.374033
0.374024
0.374012
0.37401
0.37404
0.374079
0.374132
0.374181
0.374195
0.374198
0.374237
0.374267
0.374275
0.37426
0.374232
0.374237
0.374203
0.374232
0.374228
0.374266
0.374291
0.374297
0.374321
0.374307
0.374318
0.374294
0.374333
0.374378
0.374385
0.374396
0.374432
0.37447
0.374496
0.374527
0.374526
0.374517
0.374528
0.374555
0.374562
0.374592
0.374628
0.374656
0.374666
0.374686
0.374665
0.374676
0.374674
0.374706
0.374712
0.374767
0.374807
0.374817
0.374818
0.374829
0.374859
0.3749
0.374916
0.374957
0.374988
0.375037
0.375052
0.375045
0.375068
0.375095
0.375099
0.375129
0.37515
0.375201
0.375172
0.375181
0.375184
0.375188
0.375222
0.375231
0.375234
0.375292
0.3753
0.375287
0.375328
0.375359
0.375379
0.37538
0.375385
0.375383
0.375413
0.375451
0.375521
0.375519
0.375541
0.37552
0.375558
0.375555
0.375598
0.37558
0.375581
0.375568
0.375584
0.375615
0.375622
0.375625
0.375612
0.375627
0.375658
0.375677
0.375711
0.375717
0.375741
0.375776
0.37579
0.375784
0.375817
0.375835
0.375874
0.375902
0.375932
0.375951
0.375972
0.375991
0.375965
0.37598
0.375953
0.375975
0.376
0.376021
0.376005
0.376023
0.376027
0.376038
0.376057
0.376067
0.376088
0.376096
0.376127
0.376157
0.376165
0.376136
0.376147
0.376143
0.376151
0.376157
0.376143
0.376169
0.376171
0.376208
0.376255
0.37623
0.376204
0.37621
0.376226
0.376247
0.376276
0.376269
0.376307
0.376346
0.376359
0.376358
0.3764
0.376422
0.376441
0.376489
0.376517
0.376513
0.376558
0.376622
0.376647
0.376664
0.376648
0.376646
0.376611
0.37661
0.376629
0.376622
0.376626
0.376621
0.37663
0.376642
0.376675
0.376675
0.376648
0.376665
0.376715
0.376722
0.376729
0.376734
0.376747
0.376763
0.376734
0.376735
0.376731
0.376716
0.376723
0.376747
0.376763
0.376734
0.376748
0.376719
0.376706
0.376735
0.376767
0.376757
0.376819
0.376839
0.376844
0.376891
0.376946
0.376983
0.377012
0.377043
0.377079
0.377069
0.377079
0.377117
0.377156
0.377189
0.37718
0.377202
0.377228
0.377249
0.37727
0.377271
0.377331
0.377314
0.377293
0.377278
0.377291
0.377286
0.377299
0.377313
0.377321
0.377383
0.377377
0.37739
0.377405
0.377399
0.377416
0.37745
0.377463
0.377456
0.377454
0.377519
0.377529
0.377524
0.37756
0.377545
0.377577
0.377591
0.377584
0.377582
0.377624
0.377658
0.377692
0.377705
0.377743
0.377745
0.377732
0.377729
0.377744
0.377771
0.377767
0.377752
0.377765
0.377764
0.377775
0.377805
0.37778
0.37781
0.377805
0.377807
0.377819
0.377823
0.377834
0.377886
0.377892
0.377869
0.377894
0.377907
0.377915
0.377938
0.377943
0.377954
0.377935
0.377941
0.377959
0.377986
0.377984
0.377971
0.377957
0.377968
0.377975
0.377977
0.378012
0.377978
0.378031
0.378078
0.37809
0.378146
0.378183
0.378202
0.378214
0.378213
0.378232
0.378293
0.378305
0.378315
0.378375
0.378408
0.378378
0.378417
0.37842
0.37844
0.378468
0.378469
0.378467
0.378467
0.37848
0.378478
0.378478
0.378511
0.378554
0.378577
0.3786
0.378622
0.378626
0.378615
0.37863
0.378665
0.378678
0.378699
0.378698
0.378701
0.378711
0.378737
0.378787
0.378775
0.378808
0.378828
0.378889
0.378871
0.378899
0.378914
0.378932
0.378944
0.37899
0.379027
0.379021
0.379031
0.379069
0.379048
0.379038
0.379045
0.379068
0.379079
0.379067
0.379061
0.379076
0.379123
0.379123
0.379155
0.379186
0.379215
0.379241
0.379241
0.379252
0.379293
0.379286
0.379286
0.379312
0.379337
0.379326
0.37934
0.379328
0.379324
0.37934
0.379363
0.3794
0.379447
0.379473
0.379474
0.379576
0.379571
0.379578
0.379607
0.37963
0.379651
0.379628
0.379661
0.379678
0.379672
0.379679
0.379733
0.37977
0.379778
0.379805
0.37983
0.379829
0.379836
0.379874
0.379881
0.379884
0.379916
0.379918
0.379935
0.379942
0.379946
0.379934
0.379933
0.379926
0.379951
0.379969
0.380001
0.379995
0.379981
0.379976
0.379989
0.380011
0.380007
0.380001
0.379997
0.380015
0.380047
0.380044
0.380078
0.380106
0.380124
0.380116
0.380146
0.380183
0.380198
0.380186
0.380187
0.3802
0.380189
0.380209
0.380212
0.380219
0.38021
0.380239
0.380276
0.380304
0.380319
0.380332
0.380338
0.380359
0.380388
0.380365
0.380371
0.380365
0.380383
0.380386
0.380417
0.38042
0.380433
0.380455
0.380482
0.380476
0.380455
0.380443
0.380497
0.380491
0.380483
0.380524
0.380522
0.380524
0.380564
0.380596
0.380617
0.380615
0.380621
0.380644
0.380714
0.380728
0.380717
0.380741
0.380741
0.380763
0.38079
0.380799
0.38079
0.380793
0.380839
0.380835
0.380865
0.38087
0.380895
0.380937
0.380945
0.380936
0.380961
0.380988
0.380977
0.381006
0.381024
0.381036
0.381059
0.381062
0.381064
0.38107
0.381101
0.381114
0.381106
0.381083
0.38109
0.381107
0.381113
0.381121
0.381097
0.381105
0.381129
0.381159
0.381161
0.381192
0.381217
0.381224
0.381265
0.381286
0.381298
0.381323
0.381302
0.381307
0.381289
0.381283
0.381322
0.381305
0.381332
0.381321
0.381348
0.38134
0.381295
0.381279
0.381271
0.381284
0.381298
0.381294
0.381291
0.381294
0.381313
0.381293
0.381295
0.381297
0.381288
0.381291
0.381282
0.381307
0.381301
0.381269
0.381278
0.381289
0.381282
0.381307
0.381283
0.381287
0.381281
0.381306
0.381297
0.381333
0.381353
0.381359
0.381389
0.381413
0.381443
0.38148
0.381486
0.381477
0.381507
0.381527
0.381568
0.381554
0.381558
0.381574
0.381565
0.381622
0.381631
0.381652
0.381674
0.381674
0.381672
0.381692
0.381712
0.381768
0.381769
0.381771
0.381803
0.381836
0.381835
0.381862
0.381881
0.381891
0.381909
0.381938
0.381919
0.381918
0.381913
0.381925
0.381949
0.38196
0.381969
0.381962
0.381997
0.381978
0.382002
0.382018
0.382016
0.382029
0.382068
0.382109
0.382118
0.382153
0.382171
0.382192
0.382219
0.382212
0.382237
0.382234
0.382237
0.382235
0.38223
0.382252
0.38228
0.382274
0.382315
0.382323
0.38234
0.382369
0.382407
0.382422
0.382426
0.382377
0.382415
0.382412
0.382429
0.382447
0.382446
0.382456
0.382485
0.382487
0.382508
0.382542
0.382547
0.382539
0.382575
0.382607
0.382621
0.382622
0.382605
0.382591
0.382602
0.382584
0.382611
0.38262
0.382633
0.382627
0.382645
0.38266
0.382702
0.382672
0.382678
0.382711
0.382742
0.38274
0.382756
0.382749
0.382745
0.382758
0.382798
0.382802
0.382792
0.382811
0.382793
0.382828
0.382822
0.382847
0.38283
0.382844
0.382856
0.382891
0.382885
0.382883
0.382867
0.382861
0.382866
0.382886
0.382904
0.382925
0.382907
0.382923
0.382926
0.382908
0.38292
0.382935
0.382946
0.382977
0.382984
0.382963
0.382963
0.382968
0.382979
0.383022
0.383039
0.383054
0.383051
0.383037
0.38306
0.383072
0.38309
0.383108
0.383132
0.383126
0.383145
0.383164
0.383161
0.383172
0.383171
0.383183
0.383168
0.38319
0.383198
0.383218
0.383232
0.383246
0.383269
0.383294
0.383336
0.383337
0.383347
0.383339
0.383373
0.383382
0.383402
0.383389
0.383417
0.383441
0.383455
0.38346
0.383459
0.38346
0.383467
0.383455
0.383439
0.383445
0.383451
0.38346
0.38345
0.383471
0.383478
0.383496
0.383506
0.383507
0.383539
0.383552
0.383567
0.383597
0.383554
0.38356
0.383581
0.383597
0.383598
0.383628
0.383632
0.383661
0.383677
0.383682
0.383718
0.383725
0.383725
0.383721
0.383735
0.383757
0.383769
0.3838
0.383814
0.383846
0.383859
0.383868
0.383887
0.383883
0.383856
0.383861
0.383871
0.383875
0.383893
0.383907
0.383918
0.38393
0.383928
0.383951
0.383953
0.383928
0.383972
0.383972
0.38397
0.383994
0.383979
0.384031
0.383997
0.384002
0.384011
0.384023
0.384039
0.38404
0.384055
0.38406
0.384054
0.384098
0.384076
0.384068
0.384036
0.384051
0.384057
0.384083
0.384078
0.384078
0.384073
0.384071
0.384089
0.384085
0.384131
0.384129
0.384135
0.384145
0.384161
0.38416
0.384201
0.384214
0.384227
0.384236
0.384227
0.384233
0.384225
0.384243
0.384281
0.384292
0.384291
0.38431
0.384342
0.384348
0.384339
0.384338
0.384357
0.384346
0.384343
0.384342
0.384375
0.384406
0.384382
0.384395
0.384376
0.3844
0.384421
0.384434
0.384428
0.384408
0.384406
0.38438
0.384387
0.384362
0.384369
0.384359
0.384363
0.384391
0.384403
0.384428
0.384416
0.38443
0.384424
0.384428
0.384458
0.384476
0.384479
0.384493
0.384495
0.384519
0.384514
0.384517
0.384524
0.384535
0.384575
0.38459
0.384604
0.384608
0.384636
0.384662
0.384673
0.384687
0.384683
0.384687
0.384693
0.384704
0.384693
0.38468
0.384676
0.384687
0.384715
0.384747
0.384759
0.384761
0.384786
0.384783
0.384784
0.384756
0.384783
0.384776
0.384762
0.384776
0.384799
0.384818
0.384853
0.384856
0.384845
0.384849
0.384841
0.384884
0.384896
0.384893
0.384912
0.384894
0.384896
0.384922
0.384937
0.384978
0.384965
0.384952
0.384947
0.384969
0.384965
0.385001
0.385045
0.385051
0.385101
0.385088
0.385122
0.385166
0.385186
0.38518
0.385207
0.385186
0.385181
0.38519
0.385217
0.385219
0.385208
0.385211
0.385215
0.385241
0.385299
0.385311
0.385352
0.385361
0.38537
0.385392
0.385389
0.385376
0.385362
0.385358
0.385378
0.385385
0.385381
0.385386
0.385379
0.385391
0.385426
0.385446
0.385446
0.385445
0.385449
0.385464
0.385476
0.385488
0.385501
0.385474
0.385486
0.385495
0.385514
0.385528
0.385547
0.385538
0.385532
0.385525
0.385548
0.385532
0.385525
0.385531
0.385551
0.385535
0.385562
0.385588
0.385598
0.385588
0.385604
0.385587
0.385597
0.385618
0.38562
0.385626
0.385614
0.385643
0.385665
0.385686
0.385694
0.385684
0.385689
0.385699
0.385712
0.385712
0.38571
0.385731
0.385725
0.385724
0.385722
0.385714
0.385712
0.385732
0.385741
0.385731
0.38574
0.385759
0.385764
0.385771
0.385774
0.385779
0.385784
0.385796
0.385789
0.385812
0.385827
0.385819
0.385813
0.385833
0.385829
0.385843
0.385833
0.385845
0.385863
0.385893
0.385895
0.385878
0.38589
0.385876
0.385874
0.385895
0.385901
0.385911
0.385905
0.385932
0.385938
0.385946
0.385951
0.385956
0.385973
0.385993
0.385972
0.385996
0.385984
0.385995
0.385988
0.385973
0.385969
0.38599
0.386006
0.386029
0.386047
0.386022
0.386031
0.386026
0.386032
0.386042
0.386069
0.386072
0.386053
0.386057
0.386074
0.38608
0.386103
0.386115
0.386136
0.386155
0.386167
0.386194
0.386178
0.386186
0.386231
0.386244
0.386267
0.386289
0.386302
0.386303
0.386279
0.386292
0.386281
0.386296
0.386325
0.386327
0.386335
0.386339
0.386353
0.386365
0.386367
0.386376
0.386393
0.386401
0.386424
0.386447
0.386466
0.386465
0.386465
0.38646
0.386451
0.386457
0.386463
0.386471
0.386469
0.386482
0.386494
0.386502
0.386529
0.386557
0.386559
0.386565
0.386575
0.386575
0.386612
0.386602
0.386625
0.386633
0.386657
0.386675
0.386661
0.386663
0.386691
0.386683
0.386683
0.386687
0.386705
0.386707
0.386735
0.386741
0.386766
0.386785
0.386781
0.386801
0.386785
0.386752
0.386752
0.386747
0.386767
0.386801
0.386799
0.386804
0.38682
0.386835
0.38683
0.386823
0.386829
0.386846
0.386862
0.386862
0.386879
0.386904
0.386912
0.386899
0.386901
0.386914
0.386913
0.386933
0.38693
0.386936
0.386979
0.38699
0.387003
0.387014
0.387014
0.386995
0.386993
0.387013
0.387063
0.387066
0.38709
0.387098
0.387111
0.387103
0.387118
0.387104
0.387108
0.387136
0.387147
0.387172
0.387202
0.387195
0.387189
0.387212
0.387238
0.387245
0.387214
0.387242
0.387252
0.387284
0.387286
0.387303
0.387294
0.387303
0.387297
0.387319
0.387301
0.387311
0.387315
0.38731
0.387324
0.387317
0.387329
0.387343
0.38738
0.387367
0.387378
0.387359
0.387371
0.387363
0.38737
0.387374
0.387386
0.38737
0.387393
0.387419
0.38744
0.387465
0.387496
0.387493
0.387499
0.38751
0.387507
0.38749
0.387514
0.387527
0.387552
0.387582
0.387603
0.3876
0.387626
0.387629
0.387629
0.387657
0.387677
0.387683
0.387683
0.387708
0.387712
0.387722
0.387742
0.387734
0.387749
0.387749
0.38777
0.38776
0.387777
0.387803
0.387825
0.387824
0.387836
0.387834
0.387853
0.387862
0.387856
0.387833
0.387812
0.387828
0.387818
0.387835
0.387832
0.387856
0.387876
0.38789
0.387866
0.387883
0.387908
0.387912
0.387887
0.387871
0.387866
0.387889
0.387934
0.387948
0.387952
0.387951
0.387946
0.387954
0.387951
0.387948
0.387944
0.387952
0.387979
0.387987
0.387987
0.387992
0.388017
0.387993
0.388001
0.388012
0.388025
0.388026
0.388046
0.388049
0.388041
0.388041
0.388065
0.388058
0.388052
0.388079
0.388087
0.388073
0.388081
0.388079
0.388066
0.388048
0.388057
0.388081
0.38809
0.388089
0.388086
0.388097
0.388112
0.38817
0.388193
0.388222
0.388232
0.388234
0.388235
0.388236
0.388268
0.388274
0.388282
0.388295
0.388302
0.388321
0.388315
0.388331
0.38832
0.388318
0.388329
0.388319
0.388293
