0
0.908537
0.549749
0.420912
0.367388
0.334802
0.315789
0.301448
0.296785
0.293817
0.2922
0.291651
0.289616
0.288805
0.291475
0.293969
0.295224
0.296934
0.297822
0.300801
0.303098
0.30432
0.306105
0.305195
0.306873
0.308599
0.310729
0.312946
0.313863
0.314586
0.315779
0.318271
0.319697
0.320481
0.322109
0.323274
0.324882
0.326418
0.327309
0.329522
0.330543
0.332986
0.334258
0.335671
0.338039
0.338662
0.340222
0.340751
0.342208
0.34357
0.344626
0.346468
0.346949
0.348398
0.350365
0.350842
0.351914
0.3541
0.355682
0.356272
0.357384
0.358468
0.360067
0.361963
0.362182
0.363909
0.364429
0.365143
0.366518
0.366608
0.367753
0.369414
0.369931
0.370993
0.371651
0.372319
0.373298
0.374476
0.374942
0.376337
0.377108
0.378146
0.378952
0.380238
0.381065
0.382545
0.383735
0.384477
0.384907
0.385589
0.386445
0.387058
0.38785
0.388771
0.389543
0.390273
0.390857
0.391811
0.392305
0.393127
0.393807
0.394849
0.395322
0.395524
0.396329
0.396581
0.39702
0.39736
0.398041
0.398537
0.398988
0.399504
0.400438
0.400676
0.401166
0.401299
0.402376
0.403103
0.403697
0.404044
0.404524
0.404562
0.405228
0.405148
0.406158
0.406892
0.407316
0.408199
0.408849
0.40949
0.410069
0.410472
0.411065
0.411573
0.412064
0.412669
0.413322
0.413719
0.414265
0.414726
0.415152
0.415764
0.41631
0.416511
0.416929
0.417526
0.418274
0.418474
0.419023
0.419467
0.419877
0.420192
0.42038
0.420748
0.421207
0.421293
0.421699
0.421848
0.422194
0.422459
0.422484
0.423046
0.42319
0.423763
0.423924
0.424318
0.42468
0.424908
0.425263
0.425839
0.426048
0.426502
0.426917
0.427237
0.427498
0.428019
0.428169
0.42856
0.42877
0.428842
0.429425
0.429657
0.430138
0.430508
0.430776
0.430956
0.431336
0.431636
0.432093
0.432499
0.432487
0.432679
0.432995
0.433298
0.433622
0.433878
0.434006
0.434447
0.434944
0.435239
0.435405
0.435853
0.436033
0.436309
0.436651
0.436764
0.43729
0.43734
0.437696
0.437911
0.43802
0.438278
0.43855
0.438767
0.43894
0.439164
0.439452
0.439716
0.439936
0.440163
0.440492
0.440906
0.441241
0.441398
0.441539
0.441998
0.442193
0.442336
0.442769
0.442975
0.443156
0.443281
0.443571
0.443815
0.443962
0.444096
0.444233
0.444459
0.444641
0.444684
0.44479
0.444814
0.445022
0.445497
0.44567
0.445785
0.445814
0.445946
0.446233
0.446389
0.446492
0.446587
0.44653
0.44664
0.447013
0.447357
0.44732
0.447647
0.447726
0.44782
0.447858
0.448084
0.448177
0.448434
0.448573
0.448763
0.448925
0.448874
0.448978
0.449078
0.449196
0.44938
0.449378
0.449534
0.449523
0.449688
0.449831
0.449846
0.44991
0.45002
0.450066
0.450048
0.450194
0.450341
0.450523
0.450621
0.450664
0.450816
0.45091
0.451018
0.451271
0.451407
0.451426
0.451581
0.451531
0.451513
0.451822
0.45193
0.452161
0.452494
0.452763
0.452889
0.452927
0.453127
0.453305
0.45345
0.453545
0.45373
0.453808
0.453965
0.45418
0.454257
0.454332
0.454385
0.454494
0.454538
0.454829
0.454914
0.455055
0.455134
0.455163
0.455475
0.455634
0.455845
0.455947
0.45587
0.455972
0.456143
0.456474
0.456647
0.456708
0.456864
0.457018
0.457149
0.457153
0.457311
0.457388
0.457526
0.457791
0.457997
0.458128
0.458265
0.458569
0.45869
0.458827
0.458971
0.459035
0.458999
0.459203
0.4593
0.459514
0.459664
0.459727
0.459758
0.459955
0.460039
0.460225
0.460296
0.460353
0.460346
0.460487
0.460756
0.460882
0.460918
0.460968
0.461194
0.461456
0.461578
0.461656
0.461763
0.461793
0.461843
0.461945
0.462049
0.462169
0.462307
0.462439
0.462521
0.462518
0.462639
0.462849
0.462923
0.462998
0.46291
0.463104
0.463168
0.463272
0.463487
0.463576
0.463685
0.463726
0.463875
0.463918
0.464121
0.464122
0.464243
0.464341
0.464549
0.464581
0.464583
0.46467
0.464789
0.464874
0.464922
0.464954
0.465094
0.465219
0.465345
0.465506
0.465617
0.465608
0.465693
0.465869
0.466018
0.466127
0.466303
0.466496
0.466564
0.466876
0.466778
0.466802
0.466908
0.466983
0.467043
0.467167
0.46726
0.467327
0.467418
0.467518
0.467604
0.467749
0.467783
0.467964
0.46806
0.468119
0.468179
0.468276
0.468388
0.468455
0.468514
0.468623
0.46866
0.468844
0.468962
0.469252
0.469225
0.469257
0.469265
0.469325
0.46933
0.46938
0.469339
0.469425
0.469578
0.469652
0.469823
0.469885
0.469953
0.47009
0.470146
0.470179
0.470152
0.470292
0.470396
0.470532
0.470656
0.47069
0.470692
0.470725
0.470793
0.470819
0.470832
0.470708
0.470865
0.47097
0.471064
0.471097
0.471173
0.471285
0.471272
0.471406
0.471516
0.471541
0.47168
0.471803
0.471779
0.471863
0.472006
0.472055
0.472085
0.472134
0.472126
0.47218
0.472217
0.472292
0.47236
0.47245
0.472547
0.472601
0.472653
0.472708
0.472894
0.472993
0.47298
0.473074
0.473172
0.473268
0.473277
0.473326
0.473443
0.473552
0.473654
0.473722
0.473761
0.473939
0.474013
0.473999
0.474163
0.474218
0.474378
0.47441
0.474419
0.47456
0.474666
0.474755
0.474824
0.474855
0.474884
0.474979
0.475144
0.475223
0.475312
0.475311
0.475287
0.475368
0.475338
0.475445
0.475507
0.475564
0.475646
0.475697
0.475742
0.475806
0.47581
0.475901
0.475927
0.475977
0.476106
0.476125
0.476269
0.476232
0.476353
0.476492
0.476565
0.476726
0.476733
0.476802
0.476877
0.476932
0.476969
0.477038
0.477139
0.477185
0.477277
0.477272
0.477374
0.477422
0.477419
0.477453
0.477394
0.477401
0.477495
0.47754
0.477606
0.477616
0.47782
0.477923
0.478044
0.478131
0.478212
0.478322
0.478347
0.478411
0.478513
0.478554
0.478586
0.478762
0.478846
0.478958
0.479042
0.479139
0.479212
0.479164
0.479193
0.479249
0.479229
0.479256
0.479386
0.479444
0.479548
0.479598
0.479658
0.479719
0.479694
0.479737
0.479821
0.479936
0.479908
0.47997
0.48007
0.480136
0.480195
0.480176
0.480198
0.480347
0.480376
0.480435
0.480453
0.480468
0.480575
0.48062
0.480728
0.480802
0.480799
0.480841
0.480868
0.48091
0.480942
0.481022
0.481046
0.481116
0.48119
0.481277
0.481363
0.481443
0.481449
0.481472
0.481445
0.481576
0.481604
0.481704
0.481644
0.481639
0.481663
0.481783
0.481964
0.481978
0.482011
0.482076
0.482193
0.482253
0.482261
0.482323
0.482377
0.482336
0.482402
0.482576
0.48254
0.482574
0.482658
0.482727
0.482826
0.482884
0.482932
0.483006
0.483101
0.483153
0.483253
0.483284
0.483341
0.483398
0.483479
0.483473
0.483432
0.483464
0.483439
0.483535
0.483542
0.483596
0.483699
0.483741
0.483732
0.483827
0.483934
0.483963
0.484015
0.484069
0.484176
0.484199
0.484171
0.484258
0.484358
0.484318
0.484407
0.484495
0.484586
0.484556
0.484642
0.484704
0.484696
0.484684
0.484752
0.484763
0.484817
0.484892
0.484935
0.484962
0.485022
0.485105
0.485158
0.485163
0.485186
0.485187
0.485203
0.485287
0.485373
0.485477
0.485492
0.485571
0.485596
0.485625
0.485701
0.485718
0.485755
0.48581
0.485851
0.485865
0.48597
0.485965
0.48609
0.486089
0.486129
0.486163
0.486141
0.486182
0.486167
0.486237
0.486257
0.486292
0.486312
0.48644
0.486523
0.486604
0.486693
0.486785
0.486845
0.486944
0.486994
0.487016
0.487074
0.487125
0.487209
0.487218
0.487228
0.487254
0.487332
0.487415
0.487538
0.487473
0.487537
0.48756
0.487589
0.487684
0.487708
0.487802
0.487872
0.487903
0.487945
0.487993
0.488023
0.488027
0.488025
0.488075
0.488185
0.488196
0.488198
0.488225
0.488262
0.488314
0.488382
0.488432
0.488486
0.488578
0.488622
0.48862
0.48865
0.48865
0.488656
0.488694
0.488781
0.48881
0.488848
0.488892
0.488925
0.488933
0.488936
0.488929
0.488949
0.489022
0.489071
0.489154
0.489173
0.489181
0.489205
0.48927
0.489317
0.489308
0.489351
0.489365
0.489387
0.489391
0.489446
0.48949
0.489532
0.489538
0.489603
0.48967
0.489629
0.489635
0.489645
0.489669
0.48969
0.489718
0.489794
0.489889
0.489926
0.490008
0.49004
0.490033
0.490082
0.490156
0.490199
0.490246
0.490271
0.490309
0.490327
0.490392
0.490499
0.490574
0.490618
0.490658
0.490728
0.490755
0.490768
0.490787
0.49078
0.490823
0.490883
0.490902
0.490922
0.490977
0.491032
0.491058
0.491076
0.491053
0.491074
0.491085
0.491093
0.491111
0.491133
0.491133
0.491203
0.491261
0.491351
0.491365
0.491421
0.491416
0.491404
0.491384
0.491423
0.491492
0.49154
0.491535
0.491615
0.491635
0.491687
0.491744
0.491763
0.491831
0.491874
0.491889
0.491953
0.491995
0.492048
0.492085
0.492095
0.492223
0.492308
0.492315
0.492362
0.492436
0.492422
0.492455
0.4925
0.492545
0.492612
0.492653
0.492678
0.492695
0.49275
0.492782
0.49281
0.492814
0.492884
0.492944
0.493022
0.493136
0.493222
0.493231
0.493295
0.493355
0.493369
0.49337
0.493414
0.493455
0.493469
0.493528
0.49361
0.493644
0.493657
0.493654
0.49367
0.493707
0.493771
0.493832
0.493926
0.493941
0.494002
0.494017
0.494064
0.494067
0.494155
0.494199
0.494182
0.4942
0.494161
0.494179
0.494257
0.494321
0.49432
0.494386
0.494435
0.494449
0.494462
0.494472
0.494495
0.494522
0.494537
0.494561
0.494561
0.494596
0.494627
0.494697
0.49468
0.494752
0.494759
0.494793
0.494759
0.494798
0.494816
0.494838
0.494917
0.494981
0.494992
0.495031
0.495061
0.495077
0.49505
0.495096
0.495133
0.495142
0.495149
0.495185
0.495213
0.495238
0.495204
0.495231
0.495236
0.495231
0.495175
0.49518
0.495266
0.495315
0.495327
0.495349
0.495397
0.495411
0.495473
0.495487
0.495521
0.49552
0.495519
0.495551
0.495596
0.49562
0.495688
0.4957
0.495755
0.495734
0.495747
0.495817
0.495832
0.49586
0.495891
0.495943
0.495923
0.495965
0.495975
0.49602
0.496033
0.496075
0.496074
0.496198
0.496222
0.496269
0.496256
0.496342
0.496443
0.496426
0.496471
0.496492
0.496458
0.496453
0.496447
0.496445
0.496443
0.496436
0.496441
0.496471
0.496462
0.49651
0.496563
0.496556
0.496601
0.496685
0.496745
0.496789
0.496825
0.496853
0.49685
0.496832
0.49686
0.4968
0.496817
0.496844
0.496903
0.496974
0.497023
0.497021
0.497013
0.496993
0.497007
0.497058
0.497116
0.497152
0.497139
0.49719
0.497211
0.497238
0.497275
0.497283
0.497303
0.497339
0.497376
0.497456
0.497477
0.497517
0.497529
0.497561
0.497601
0.497599
0.497639
0.497691
0.49775
0.497725
0.497753
0.497841
0.497793
0.49783
0.497808
0.497821
0.497838
0.497836
0.49781
0.497854
0.49781
0.497873
0.497855
0.497849
0.497879
0.497881
0.497953
0.498038
0.49804
0.498034
0.498069
0.498124
0.498155
0.498182
0.4982
0.498203
0.498227
0.498321
0.498375
0.498372
0.498406
0.498431
0.498465
0.498488
0.498558
0.498594
0.498643
0.498636
0.498645
0.498663
0.498685
0.498761
0.498787
0.498801
0.498802
0.498847
0.498814
0.498826
0.498843
0.498841
0.49885
0.498874
0.498862
0.498933
0.498972
0.498972
0.499013
0.499007
0.49904
0.499067
0.499125
0.499144
0.499183
0.499166
0.499192
0.499216
0.499223
0.4993
0.499329
0.499317
0.499351
0.499367
0.499393
0.499446
0.499512
0.499528
0.499516
0.499502
0.49954
0.499531
0.499554
0.499576
0.499625
0.499655
0.499648
0.499667
0.499677
0.499719
0.499762
0.49977
0.499789
0.499813
0.499858
0.499899
0.499913
0.499917
0.499988
0.500009
0.500025
0.500019
0.500059
0.500115
0.500102
0.500111
0.500148
0.50017
0.500177
0.500165
0.500174
0.500172
0.500183
0.50024
0.500227
0.500258
0.500234
0.50021
0.500249
0.500287
0.500345
0.500349
0.500354
0.500361
0.500408
0.500392
0.500425
0.500462
0.500466
0.500493
0.5005
0.500504
0.500579
0.500606
0.500617
0.500638
0.500615
0.500605
0.500612
0.500676
0.500707
0.500684
0.500721
0.500727
0.500761
0.50073
0.500747
0.50082
0.500842
0.500863
0.500894
0.500919
0.500965
0.500948
0.500964
0.500978
0.500996
0.500994
0.500989
0.50104
0.501083
0.501107
0.501132
0.501142
0.50117
0.5012
0.501243
0.501249
0.501272
0.501291
0.501337
0.501355
0.501367
0.501429
0.501451
0.501521
0.501542
0.50155
0.501532
0.501538
0.501572
0.501596
0.501597
0.501603
0.501656
0.501654
0.501665
0.501685
0.501716
0.501762
0.501772
0.501803
0.501823
0.501913
0.501937
0.501936
0.50195
0.501923
0.501917
0.501991
0.502004
0.502037
0.502057
0.50208
0.502084
0.502092
0.502088
0.502129
0.502153
0.502157
0.502145
0.502171
0.502192
0.502245
0.502304
0.502364
0.502357
0.502417
0.502398
0.502394
0.502395
0.502433
0.502445
0.502423
0.502475
0.502476
0.502499
0.502498
0.502479
0.502517
0.502549
0.502561
0.502611
0.502595
0.502626
0.502642
0.502672
0.502713
0.502734
0.50274
0.50275
0.502775
0.502759
0.502782
0.502773
0.502785
0.502819
0.502843
0.502838
0.502855
0.502859
0.502871
0.502893
0.50293
0.502958
0.50299
0.503036
0.503067
0.50307
0.503105
0.503125
0.503116
0.503133
0.50317
0.503195
0.50322
0.503245
0.503275
0.503293
0.50332
0.503387
0.503408
0.503454
0.503432
0.50346
0.503459
0.503479
0.503543
0.50359
0.503621
0.503655
0.503656
0.503656
0.503664
0.503671
0.503707
0.503739
0.503781
0.503777
0.503729
0.503745
0.503733
0.503761
0.503787
0.503813
0.503827
0.503841
0.503864
0.503889
0.503932
0.503962
0.503984
0.503986
0.504031
0.504073
0.504114
0.504153
0.50415
0.504177
0.504162
0.504187
0.504179
0.504146
0.504144
0.504189
0.504202
0.504209
0.504245
0.504283
0.5043
0.504336
0.504395
0.504391
0.504356
0.504368
0.50441
0.504475
0.504485
0.504522
0.504541
0.504535
0.50456
0.504586
0.504608
0.504635
0.504657
0.504693
0.504692
0.504705
0.504758
0.504792
0.504816
0.504853
0.504906
0.50495
0.504978
0.504985
0.504989
0.505012
0.505009
0.505022
0.505057
0.505083
0.505099
0.505087
0.505116
0.505142
0.505153
0.505174
0.505226
0.505241
0.505255
0.505244
0.505269
0.505298
0.505314
0.505342
0.505335
0.50533
0.505335
0.505367
0.505374
0.505388
0.505423
0.505448
0.505472
0.505525
0.505552
0.505582
0.505623
0.505632
0.505632
0.505674
0.505679
0.505693
0.505709
0.505741
0.505768
0.505782
0.505778
0.505809
0.505819
0.505805
0.505814
0.505867
0.505856
0.50584
0.505845
0.505882
0.505892
0.505903
0.505892
0.505902
0.505928
0.505954
0.506011
0.506044
0.506024
0.506087
0.506128
0.506156
0.506159
0.506192
0.506183
0.506181
0.506174
0.506211
0.506229
0.506214
0.506226
0.506257
0.506255
0.506296
0.506306
0.506331
0.506348
0.506378
0.50641
0.506443
0.506445
0.506471
0.506474
0.506475
0.506499
0.506506
0.506522
0.506545
0.506562
0.506569
0.506586
0.506596
0.506601
0.506603
0.506619
0.506654
0.506688
0.506685
0.506703
0.506724
0.506751
0.506775
0.506809
0.506857
0.506852
0.506898
0.506898
0.506925
0.506941
0.506975
0.506971
0.506973
0.507008
0.507035
0.50702
0.507009
0.507015
0.507027
0.507061
0.507052
0.507096
0.507099
0.507116
0.507132
0.50714
0.507167
0.507178
0.507228
0.507233
0.507202
0.507217
0.507215
0.507268
0.507257
0.507296
0.507346
0.507387
0.507353
0.507361
0.507368
0.507363
0.507366
0.507372
0.507415
0.507441
0.507435
0.507472
0.507495
0.50747
0.507476
0.507491
0.507477
0.507474
0.507483
0.507545
0.507552
0.507565
0.507554
0.507597
0.507602
0.507625
0.507626
0.507668
0.507694
0.507716
0.50774
0.507757
0.507762
0.507739
0.507732
0.50774
0.507753
0.507807
0.507818
0.507856
0.507859
0.50791
0.507917
0.507917
0.507949
0.507977
0.508013
0.508008
0.50801
0.508012
0.508024
0.508043
0.508072
0.508073
0.508112
0.508165
0.508157
0.508214
0.508218
0.508228
0.508242
0.508238
0.508224
0.508261
0.508292
0.508311
0.508333
0.508342
0.508369
0.50836
0.508338
0.50834
0.508352
0.508356
0.508377
0.508371
0.508381
0.508354
0.50839
0.50838
0.508375
0.508397
0.508385
0.5084
0.508409
0.508425
0.508431
0.50848
0.508489
0.50851
0.508537
0.508584
0.5086
0.50858
0.508578
0.508581
0.508563
0.508583
0.50855
0.508509
0.508547
0.508539
0.508531
0.50855
0.508553
0.508575
0.508588
0.508602
0.508598
0.508621
0.508655
0.508682
0.50871
0.508725
0.508754
0.508777
0.508765
0.50877
0.508802
0.508761
0.508772
0.508757
0.508788
0.508788
0.508788
0.508813
0.508794
0.508818
0.508844
0.508861
0.508867
0.508908
0.508919
0.508943
0.508976
0.508988
0.509017
0.50903
0.509043
0.509018
0.509022
0.509015
0.508988
0.508993
0.508982
0.509004
0.509032
0.509078
0.509089
0.50912
0.509097
0.509135
0.509166
0.509168
0.509203
0.509233
0.509256
0.509275
0.509282
0.509308
0.509344
0.509342
0.509329
0.509343
0.509363
0.509388
0.509396
0.509415
0.509409
0.509431
0.509458
0.509448
0.509458
0.509468
0.509474
0.509482
0.509491
0.509504
0.509522
0.509543
0.509534
0.509556
0.509581
0.509567
0.509593
0.509623
0.509654
0.509683
0.509703
0.509731
0.509732
0.509737
0.509763
0.509778
0.509786
0.509795
0.509786
0.509795
0.509804
0.509809
0.509838
0.509854
0.509874
0.509926
0.509915
0.509933
0.509905
0.509918
0.509935
0.509962
0.510003
0.510011
0.509986
0.50998
0.510007
0.510012
0.510037
0.510043
0.510077
0.510084
0.510091
0.510091
0.510098
0.510116
0.5101
0.510093
0.510118
0.510126
0.510136
0.510163
0.510191
0.51021
0.510219
0.510231
0.510261
0.510277
0.510303
0.510317
0.510333
0.510338
0.51034
0.51036
0.510372
0.510407
0.510417
0.510455
0.510451
0.51045
0.510469
0.510517
0.510536
0.510575
0.510598
0.51061
0.510638
0.510645
0.510681
0.51069
0.510719
0.510734
0.51074
0.51077
0.510755
0.510775
0.510798
0.510797
0.510837
0.510867
0.510885
0.510893
0.510887
0.510881
0.510887
0.510903
0.510914
0.510922
0.510925
0.510923
0.510962
0.510975
0.510967
0.51096
0.510978
0.510999
0.510999
0.510972
0.510996
0.511045
0.511037
0.511052
0.511068
0.511094
0.511074
0.51106
0.511081
0.511118
0.511137
0.511134
0.511159
0.511162
0.511178
0.511189
0.511227
0.51119
0.511194
0.511251
0.511252
0.51129
0.511297
0.511318
0.511322
0.511322
0.511327
0.511385
0.511409
0.511424
0.511458
0.511483
0.511468
0.511493
0.511533
0.511537
0.511525
0.511555
0.511581
0.511612
0.51165
0.511688
0.511673
0.511687
0.51173
0.511754
0.511752
0.511743
0.511747
0.511758
0.511795
0.511818
0.511822
0.511837
0.511847
0.511865
0.511883
0.5119
0.511915
0.511932
0.511928
0.511912
0.511919
0.511922
0.51191
0.511907
0.511931
0.511945
0.51194
0.511956
0.511949
0.511975
0.511995
0.512022
0.512066
0.512093
0.512094
0.512106
0.512122
0.512128
0.512151
0.51213
0.512133
0.512142
0.512155
0.512155
0.512145
0.512137
0.51212
0.512137
0.51214
0.512143
0.512137
0.512141
0.512142
0.512139
0.512157
0.512142
0.512176
0.512212
0.512213
0.512211
0.512202
0.512194
0.512206
0.512214
0.51222
0.512226
0.512234
0.512238
0.512249
0.512265
0.51226
0.512267
0.512265
0.512281
0.512287
0.512283
0.512287
0.512288
0.51228
0.512289
0.512296
0.512304
0.51232
0.512334
0.51236
0.51235
0.512364
0.512382
0.512393
0.512404
0.512401
0.512443
0.512443
0.512457
0.512477
0.512503
0.512547
0.512547
0.512574
0.512577
0.512602
0.512598
0.512622
0.512639
0.512676
0.512682
0.512701
0.512699
0.512689
0.512719
0.51271
0.512733
0.512765
0.512788
0.512769
0.512777
0.512796
0.512808
0.512818
0.512843
0.512853
0.512868
0.512886
0.51291
0.512945
0.512954
0.512968
0.512983
0.512979
0.513008
0.513008
0.513027
0.513013
0.513035
0.513046
0.51302
0.513024
0.513049
0.513064
0.513068
0.513102
0.513098
0.513115
0.513132
0.513125
0.513138
0.513138
0.513129
0.513133
0.513144
0.513166
0.513168
0.513197
0.513211
0.513226
0.513253
0.51325
0.513253
0.513273
0.513239
0.513256
0.51327
0.513289
0.51329
0.513336
0.513334
0.513349
0.51338
0.5134
0.513405
0.513404
0.513411
0.51342
0.513429
0.513435
0.513451
0.513468
0.513476
0.513501
0.513497
0.513491
0.513512
0.513548
0.513578
0.513583
0.513584
0.513601
0.513636
0.513623
0.513608
0.513604
0.513605
0.513627
0.51364
0.513666
0.513667
0.513661
0.513678
0.513694
0.513711
0.513752
0.513734
0.513732
0.513727
0.513737
0.513742
0.513757
0.513751
0.513765
0.513741
0.513773
0.513801
0.513789
0.513785
0.513789
0.513807
0.51381
0.513839
0.513842
0.513838
0.513839
0.513858
0.513866
0.513877
0.513883
0.513885
0.513916
0.513921
0.513932
0.513929
0.513911
0.513895
0.513914
0.513908
0.513925
0.51394
0.513959
0.513973
0.513999
0.513985
0.514005
0.514011
0.514027
0.514041
0.514054
0.514059
0.514063
0.514067
0.514072
0.514089
0.514105
0.514105
0.514144
0.514166
0.514166
0.51418
0.514183
0.514194
0.514182
0.514195
0.514178
0.51417
0.514165
0.514161
0.514158
0.51418
0.51418
0.514191
0.514205
0.514224
0.514241
0.514225
0.514222
0.514242
0.514258
0.51425
0.514256
0.514273
0.514281
0.514278
0.514281
0.514268
0.514277
0.514278
0.514315
0.514314
0.5143
0.514299
0.514293
0.514289
0.514273
0.514273
0.514307
0.514338
0.514367
0.514372
0.514396
0.514373
0.514391
0.514434
0.514422
0.514428
0.514447
0.514449
0.514466
0.514493
0.514519
0.514526
0.514542
0.514568
0.514569
0.514581
0.514596
0.514647
0.514652
0.514651
0.514666
0.514666
0.514668
0.514668
0.514669
0.514672
0.514682
0.5147
0.514702
0.514721
0.514733
0.514736
0.514772
0.514758
0.514772
0.514776
0.514784
0.514798
0.514806
0.514836
0.514863
0.514864
0.514904
0.514934
0.514931
0.514939
0.514951
0.514974
0.514963
0.514956
0.514951
0.514936
0.514964
0.514983
0.514989
0.514995
0.515005
0.515018
0.515012
0.515003
0.515009
0.515018
0.51504
0.515057
0.51504
0.515056
0.515068
0.515072
0.515099
0.515109
0.515118
0.515122
0.515133
0.515121
0.51513
0.515117
0.515109
0.515126
0.515154
0.515153
0.515161
0.51516
0.515163
0.515172
0.515192
0.515201
0.515216
0.515233
0.515237
0.515255
0.515258
0.515262
0.515273
0.515266
0.515295
0.51531
0.515332
0.515339
0.515353
0.515382
0.515372
0.5154
0.515393
0.515411
0.515422
0.515423
0.515437
0.515458
0.515437
0.515422
0.515399
0.515419
0.51542
0.51544
0.515459
0.51547
0.515473
0.515489
0.515496
0.515492
0.515524
0.515533
0.515543
0.515535
0.515559
0.51556
0.51556
0.515566
0.515574
0.515604
0.515631
0.515643
0.51563
0.515659
0.515664
0.515677
0.515687
0.515705
0.515712
0.515731
0.515759
0.515761
0.515763
0.515756
0.515725
0.515719
0.515715
0.51573
0.515718
0.515738
0.515734
0.515728
0.51574
0.515748
0.51575
0.515749
0.515769
0.515773
0.515786
0.515772
0.515805
0.515801
0.51581
0.5158
0.515806
0.515824
0.515852
0.515875
0.515872
0.515889
0.515898
0.515878
0.515882
0.51587
0.515894
0.515894
0.5159
0.515895
0.515895
0.515905
0.515914
0.515916
0.515944
0.515958
0.515971
0.51597
0.516006
0.516026
0.516026
0.51604
0.516042
0.516047
0.516057
0.516078
0.516098
0.516088
0.516095
0.51611
0.516109
0.516133
0.516122
0.516118
0.516141
0.516138
0.51615
0.516139
0.516166
0.516183
0.516216
0.516215
0.516193
0.516196
0.516225
0.516228
0.516224
0.516237
0.516233
0.516247
0.516261
0.516261
0.516267
0.516261
0.516275
0.516282
0.516287
0.516295
0.516298
0.5163
0.516291
0.516322
0.516337
0.516345
0.516354
0.516378
0.516398
0.516408
0.516434
0.516445
0.516442
0.51644
0.51646
0.516464
0.516464
0.516482
0.516513
0.516519
0.516532
0.516539
0.516531
0.516524
0.516525
0.516511
0.516517
0.516512
0.516514
0.516513
0.516543
0.516536
0.516532
0.516558
0.51655
0.516545
0.516563
0.516562
0.516597
0.516607
0.516613
0.516606
0.516618
0.51662
0.516637
0.516646
0.516664
0.516672
0.516675
0.516663
0.516685
0.516664
0.516709
0.516726
0.516715
0.516717
0.516721
0.516732
0.516724
0.516734
0.516761
0.516755
0.516763
0.516763
0.516753
0.516767
0.516779
0.516781
0.516787
0.516828
0.516834
0.516871
0.516884
0.516898
0.5169
0.516872
0.516866
0.516878
0.516894
0.516925
0.516936
0.51696
0.516957
0.516977
0.516968
0.516983
0.516983
0.516993
0.51701
0.517022
0.517054
0.517058
0.517088
0.517091
0.517093
0.517072
0.517087
0.517095
0.517116
0.517121
0.517129
0.517129
0.517142
0.517138
0.517125
0.517121
0.517114
0.517103
0.517108
0.51711
0.517127
0.517142
0.517153
0.517164
0.517171
0.517175
0.517169
0.517179
0.517189
0.517191
0.517211
0.517195
0.517192
0.5172
0.517206
0.517189
0.517173
0.517172
0.517176
0.517192
0.517187
0.517204
0.517215
0.517234
0.517251
0.517264
0.517264
0.517255
0.517264
0.517281
0.517311
0.517323
0.517334
0.517336
0.517329
0.51733
0.517344
0.517361
0.517371
0.517374
0.517385
0.517404
0.517399
0.517393
0.517394
0.517395
0.517406
0.517414
0.517429
0.517436
0.517427
0.517425
0.517423
0.517431
0.517431
0.51744
0.517426
0.517418
0.517426
0.517431
0.517454
0.517453
0.517447
0.51746
0.517453
0.517449
0.517464
0.517479
0.517474
0.517495
0.517518
0.517528
0.517512
0.517514
0.517508
0.517542
0.517555
0.517558
0.517577
0.517575
0.517562
0.517564
0.517575
0.517608
0.517609
0.517601
0.517599
0.517612
0.517632
0.517651
0.517664
0.517668
0.517664
0.517686
0.517691
0.517696
0.517705
0.51772
0.517721
0.517737
0.517736
0.517732
0.517742
0.517734
0.51774
0.51774
0.517738
0.517726
0.517732
0.517751
0.517741
0.51775
0.51774
0.51777
0.517786
0.517782
0.51777
0.517761
0.517772
0.517786
0.517816
0.517832
0.51783
0.51785
0.517839
0.517844
0.517855
0.51786
0.517868
0.517874
0.517887
0.517894
0.517905
0.517907
0.517924
0.517935
0.517932
0.517936
0.517954
0.51797
0.517978
0.517991
0.517979
0.517975
0.517978
0.517982
0.517973
0.517995
0.518023
0.518026
0.518037
0.518033
0.51803
0.518024
0.518028
0.518052
0.518046
0.518071
0.518056
0.51806
0.518075
0.518079
0.518084
0.518093
0.51809
0.518078
0.518079
0.518077
0.518088
0.518096
0.518074
0.518096
0.518114
0.518117
0.51814
0.518138
0.518167
0.518189
0.518198
0.518221
0.518233
0.518235
0.518228
0.518255
0.518267
0.518278
0.518286
0.518317
0.518322
0.518321
0.518328
0.518335
0.518333
0.518331
0.518318
0.518334
0.518333
0.51835
0.518355
0.518361
0.518367
0.518354
0.518347
0.518348
0.518374
0.518363
0.518354
0.518382
0.518386
0.518384
0.518408
0.51841
0.51842
0.51842
0.518411
0.518423
0.518441
0.518458
0.518454
0.518458
0.518471
0.518475
0.518483
0.518502
0.518522
0.518533
0.518522
0.518531
0.518535
0.518534
0.518527
0.518537
0.518544
0.518545
0.518536
0.51854
0.518563
0.518579
0.518581
0.518594
0.518611
0.518626
0.518636
0.518632
0.518618
0.518603
0.518591
0.518591
0.518602
0.518603
0.518603
0.518612
0.518602
0.518599
0.518612
0.518612
0.518622
0.518627
0.518649
0.518669
0.518675
0.51869
0.518692
0.518701
0.518717
0.518717
0.518711
0.518721
0.518718
0.51873
0.518745
0.518781
0.518771
0.518802
0.518795
0.518805
0.518802
0.518802
0.518816
0.518817
0.518813
0.518813
0.51882
0.518833
0.518851
0.518857
0.518855
0.518858
0.518867
0.518859
0.518849
0.518861
0.518864
0.518861
0.518861
0.518851
0.518842
0.518847
0.518855
0.518864
0.518855
0.518869
0.518853
0.518844
0.518854
0.518856
0.51889
0.518899
0.518899
0.518916
0.518934
0.518945
0.518939
0.518941
0.518962
0.518959
0.518965
0.518969
0.518979
0.518988
0.518976
0.518969
0.518961
0.518952
0.518967
0.518982
0.518977
0.518961
0.518968
0.518975
0.519006
0.519001
0.519026
0.519029
0.519043
0.519045
0.519064
0.519066
0.519077
0.519093
0.519082
0.519108
0.519117
0.519116
0.519117
0.519105
0.519094
0.51908
0.519073
0.519074
0.519086
0.519089
0.519087
0.51907
0.519074
0.519089
0.519081
0.519088
0.519091
0.51909
0.519098
0.519096
0.519098
0.519107
0.51912
0.51913
0.519164
0.519164
0.519166
0.519172
0.519177
0.519184
0.519191
0.519175
0.519183
0.519196
0.519205
0.519217
0.519243
0.519249
0.519245
0.519237
0.519235
0.519235
0.519261
0.519276
0.51929
0.519284
0.519292
0.519298
0.519283
0.519277
0.519294
0.519304
0.519314
0.519314
0.519305
0.519312
0.519296
0.519317
0.519335
0.519314
0.519299
0.519302
0.519314
0.51931
0.519303
0.519309
0.51931
0.519323
0.519353
0.519382
0.519387
0.519407
0.51942
0.519423
0.519419
0.519424
0.519428
0.519419
0.51942
0.519439
0.51943
0.519424
0.519413
0.519423
0.519422
0.519442
0.519454
0.519465
0.51946
0.519469
0.519475
0.519476
0.519486
0.51949
0.519497
0.519504
0.519528
0.51952
0.519535
0.519536
0.519543
0.519553
0.519573
0.519581
0.519596
0.519607
0.519613
0.519607
0.519603
0.519611
0.519604
0.51961
0.519597
0.519611
0.519625
0.519607
0.519615
0.519625
0.519636
0.519629
0.519613
0.519628
0.51965
0.519654
0.519642
0.519643
0.519656
0.519659
0.519663
0.519671
0.519671
0.519694
0.519679
0.519691
0.519708
0.519719
0.51973
0.519728
0.519733
0.519724
0.519721
0.51972
