0.792793
0.795941
0.803545
0.80554
0.810044
0.809645
0.809864
0.8092
0.811307
0.810542
0.79685
0.784275
0.771064
0.76335
0.754248
0.748163
0.74103
0.73573
0.732312
0.729611
0.71965
0.710487
0.703347
0.695124
0.688283
0.682921
0.677398
0.673135
0.666667
0.662582
0.656142
0.64865
0.642691
0.636698
0.630285
0.625616
0.620069
0.61526
0.610946
0.606615
0.600609
0.594874
0.588927
0.583984
0.578837
0.57278
0.568609
0.564021
0.559323
0.55482
0.549637
0.545443
0.541313
0.537123
0.532842
0.528056
0.523727
0.520584
0.517212
0.514768
0.510821
0.506906
0.503355
0.499897
0.496006
0.49369
0.490481
0.486771
0.483647
0.480723
0.477927
0.475057
0.472699
0.470324
0.467902
0.465742
0.463709
0.461467
0.459685
0.457903
0.455988
0.454407
0.452957
0.451439
0.44985
0.448624
0.447397
0.445476
0.444042
0.443019
0.442916
0.442117
0.441269
0.440633
0.440114
0.440026
0.439815
0.439578
0.439211
0.43877
0.438143
0.437849
0.437362
0.437275
0.436639
0.436663
0.436301
0.435798
0.435239
0.434812
0.434121
0.43394
0.433449
0.433105
0.432508
0.432121
0.431725
0.431113
0.430873
0.430507
0.429833
0.429412
0.428806
0.42843
0.428022
0.427888
0.427429
0.42713
0.427157
0.426749
0.426339
0.42589
0.425679
0.42524
0.424783
0.424481
0.424146
0.42396
0.42374
0.423497
0.423218
0.423158
0.42294
0.422394
0.421952
0.421783
0.421491
0.421156
0.420849
0.420567
0.420409
0.420129
0.419788
0.419524
0.419099
0.419135
0.418688
0.418429
0.418296
0.418108
0.418168
0.418046
0.41779
0.417322
0.417316
0.417118
0.416815
0.416476
0.416091
0.415984
0.415712
0.415599
0.415429
0.415234
0.415088
0.414957
0.415087
0.414828
0.414529
0.414302
0.414209
0.414138
0.413947
0.413728
0.41372
0.4136
0.413416
0.413292
0.413237
0.41307
0.413071
0.412975
0.412813
0.412677
0.41258
0.412253
0.412155
0.412008
0.411871
0.411635
0.411589
0.411447
0.411315
0.411057
0.410876
0.410809
0.410575
0.410662
0.41036
0.410397
0.410218
0.40994
0.409916
0.409793
0.409824
0.40981
0.409583
0.409637
0.40947
0.409458
0.40931
0.409267
0.409033
0.40897
0.408849
0.408829
0.408524
0.408583
0.408467
0.408443
0.408151
0.408074
0.408076
0.407904
0.407815
0.407691
0.40762
0.407603
0.407507
0.407514
0.407263
0.407129
0.407181
0.407348
0.407303
0.407334
0.407233
0.40725
0.407145
0.406937
0.406963
0.406951
0.406978
0.407093
0.406951
0.406939
0.406985
0.407016
0.406931
0.406893
0.406727
0.406565
0.406395
0.406436
0.406344
0.406158
0.40618
0.405894
0.405565
0.405584
0.405361
0.405269
0.405132
0.404976
0.405014
0.404993
0.404915
0.404841
0.40481
0.404713
0.404661
0.404533
0.404461
0.404394
0.404288
0.404134
0.403963
0.403997
0.404046
0.403966
0.403825
0.403798
0.403879
0.403866
0.40373
0.403792
0.403862
0.403675
0.403558
0.403425
0.403437
0.403424
0.403296
0.4032
0.403097
0.403021
0.402952
0.402799
0.402602
0.402616
0.402516
0.402469
0.402442
0.402437
0.402374
0.402456
0.402432
0.402336
0.402269
0.402195
0.402395
0.402247
0.402186
0.40216
0.402152
0.402058
0.402151
0.40196
0.40202
0.402031
0.402055
0.401864
0.40174
0.401773
0.401739
0.40175
0.401693
0.401646
0.401708
0.401728
0.401748
0.40172
0.401857
0.401827
0.401844
0.401951
0.402034
0.401983
0.402037
0.402027
0.401963
0.401929
0.401988
0.402016
0.402107
0.401932
0.401933
0.401979
0.402038
0.402059
0.402042
0.402039
0.402062
0.402001
0.4019
0.401881
0.401831
0.401774
0.40181
0.401796
0.401807
0.40181
0.401912
0.401879
0.401941
0.401935
0.401854
0.401815
0.401822
0.40188
0.401855
0.401884
0.401886
0.401989
0.401851
0.401797
0.401758
0.401738
0.401693
0.401672
0.401712
0.401771
0.401788
0.401712
0.401654
0.401693
0.401724
0.401762
0.401737
0.401693
0.401705
0.401747
0.401802
0.401775
0.401782
0.401809
0.401784
0.401777
0.401856
0.401868
0.401906
0.40182
0.401814
0.401774
0.40178
0.401764
0.40173
0.401731
0.401722
0.401793
0.40182
0.401793
0.401828
0.401799
0.401889
0.401816
0.401775
0.401765
0.401635
0.401619
0.401674
0.401706
0.401629
0.401561
0.401499
0.401581
0.401537
0.401633
0.401635
0.401651
0.401623
0.401586
0.401551
0.401566
0.401624
0.401653
0.401633
0.40153
0.401463
0.401472
0.401444
0.401391
0.401408
0.40137
0.401378
0.401271
0.401294
0.401284
0.401222
0.401161
0.401198
0.401072
0.401071
0.401019
0.401031
0.401083
0.400989
0.401038
0.401027
0.400991
0.401014
0.401046
0.401067
0.401118
0.401114
0.401085
0.401108
0.401217
0.40116
0.401132
0.401133
0.401146
0.401179
0.401196
0.401255
0.401155
0.401151
0.401054
0.401089
0.401061
0.401164
0.40119
0.40122
0.401236
0.401251
0.401185
0.401263
0.401243
0.401233
0.401189
0.401188
0.40126
0.401243
0.401319
0.401336
0.401373
0.40135
0.401357
0.401314
0.401302
0.401351
0.40133
0.401338
0.401313
0.401343
0.401357
0.401341
0.401286
0.40139
0.40136
0.401429
0.401507
0.401451
0.40145
0.401481
0.401488
0.40145
0.401505
0.401475
0.401525
0.401464
0.401418
0.401425
0.401463
0.401389
0.401438
0.401443
0.401417
0.401434
0.401363
0.40137
0.401317
0.4013
0.401264
0.401187
0.401215
0.401233
0.401153
0.401169
0.401161
0.401146
0.401141
0.401151
0.401091
0.401076
0.401044
0.401068
0.401053
0.400968
0.400978
0.401007
0.400982
0.401002
0.400978
0.400995
0.401038
0.400975
0.400988
0.400957
0.401035
0.401013
0.401021
0.401049
0.401007
0.401016
0.401033
0.400942
0.400873
0.400809
0.400773
0.400764
0.400688
0.400689
0.40069
0.400731
0.400701
0.400657
0.400615
0.400603
0.400604
0.400611
0.400617
0.400588
0.400558
0.400611
0.40055
0.400495
0.400475
0.400491
0.400527
0.400478
0.400491
0.400546
0.400511
0.400484
0.400487
0.400479
0.400426
0.400377
0.40041
0.400403
0.400368
0.40031
0.400285
0.400304
0.400251
0.400309
0.400296
0.400238
0.400171
0.400162
0.400148
0.400078
0.400068
0.400066
0.400083
0.400085
0.400087
0.400077
0.399994
0.399934
0.399887
0.399849
0.399801
0.399699
0.399738
0.399686
0.399702
0.399647
0.399691
0.39968
0.399586
0.399545
0.399497
0.399536
0.399519
0.399509
0.399549
0.399563
0.399527
0.399465
0.399388
0.399391
0.399405
0.399294
0.39923
0.399217
0.399172
0.399181
0.399199
0.399211
0.399182
0.399152
0.399122
0.399184
0.399182
0.399129
0.399115
0.399067
0.39905
0.399036
0.399062
0.399083
0.399044
0.39897
0.398901
0.398836
0.398791
0.398734
0.398716
0.398653
0.398667
0.398669
0.398647
0.398614
0.398586
0.398611
0.398591
0.398559
0.398606
0.39865
0.398629
0.398636
0.398607
0.398588
0.39857
0.398538
0.398569
0.398501
0.398471
0.398404
0.398374
0.39833
0.398347
0.398335
0.398342
0.398352
0.398329
0.398374
0.398314
0.39831
0.39823
0.3982
0.398231
0.398217
0.398223
0.398218
0.398169
0.398203
0.39823
0.398201
0.398213
0.398199
0.398191
0.398148
0.398122
0.398116
0.398134
0.398143
0.398192
0.398143
0.398165
0.398121
0.398059
0.398026
0.397994
0.397973
0.397942
0.397942
0.397953
0.397946
0.397914
0.39791
0.397892
0.397842
0.397856
0.397833
0.397802
0.397783
0.397705
0.397721
0.397735
0.397734
0.397662
0.397701
0.39773
0.397713
0.397675
0.397666
0.397628
0.397638
0.397608
0.39762
0.397629
0.397576
0.397592
0.397595
0.397607
0.397635
0.397625
0.397573
0.397625
0.397601
0.397533
0.397489
0.397476
0.397457
0.397434
0.397316
0.397263
0.397264
0.39728
0.397273
0.397202
0.39724
0.397251
0.397265
0.397262
0.397157
0.397099
0.397034
0.397045
0.397024
0.397038
0.397022
0.396967
0.396966
0.396922
0.396923
0.396882
0.396849
0.396872
0.396832
0.396716
0.396648
0.396657
0.396692
0.396707
0.396657
0.396612
0.396587
0.396521
0.39648
0.396481
0.396515
0.39654
0.396515
0.396532
0.396507
0.396463
0.39644
0.396427
0.396495
0.396417
0.39643
0.396395
0.396383
0.396386
0.396366
0.396363
0.396308
0.396344
0.396317
0.396311
0.396292
0.396286
0.396275
0.396253
0.396281
0.396275
0.396341
0.396283
0.396287
0.396291
0.396272
0.396273
0.396279
0.396233
0.396229
0.396206
0.396144
0.396172
0.396124
0.396146
0.396101
0.396096
0.396116
0.396053
0.396046
0.396033
0.396055
0.396067
0.396047
0.395996
0.395953
0.395915
0.395899
0.395867
0.39581
0.395765
0.395718
0.395746
0.395749
0.395719
0.395678
0.395625
0.395649
0.395621
0.395654
0.395613
0.395624
0.395581
0.395546
0.395535
0.395547
0.39553
0.395495
0.395503
0.395461
0.395459
0.395458
0.395462
0.395438
0.395383
0.395412
0.395411
0.395408
0.395422
0.395443
0.395448
0.395473
0.395499
0.395537
0.395534
0.395528
0.395551
0.395509
0.395515
0.395501
0.395525
0.395485
0.395458
0.395471
0.395454
0.395458
0.395445
0.395406
0.395421
0.395397
0.395415
0.395392
0.395365
0.395384
0.395391
0.395378
0.395391
0.395388
0.395355
0.395331
0.39534
0.395343
0.395353
0.395358
0.395365
0.395367
0.395368
0.395371
0.395374
0.395341
0.395347
0.395361
0.395376
0.395403
0.39537
0.395359
0.395381
0.395372
0.395414
0.395482
0.395483
0.395515
0.395517
0.395546
0.395561
0.395583
0.395609
0.395636
0.395646
0.39568
0.395686
0.395687
0.395682
0.395706
0.395719
0.395707
0.39575
0.395758
0.395744
0.395692
0.395699
0.395675
0.395765
0.395762
0.39578
0.395837
0.395809
0.395818
0.395827
0.395825
0.395817
0.395825
0.395822
0.395851
0.395886
0.395895
0.395886
0.395884
0.395894
0.395883
0.39588
0.395902
0.395895
0.395911
0.395874
0.395881
0.395896
0.395891
0.395867
0.395869
0.395911
0.395948
0.395952
0.395977
0.395995
0.396029
0.396013
0.396028
0.396057
0.396087
0.396048
0.396055
0.396057
0.396078
0.396077
0.396097
0.39611
0.396125
0.396111
0.39611
0.39612
0.396117
0.39612
0.396156
0.396131
0.396117
0.396145
0.396164
0.396147
0.396146
0.396131
0.396154
0.396156
0.396155
0.396161
0.396159
0.396176
0.396213
0.396254
0.396255
0.396273
0.396294
0.396328
0.396386
0.396401
0.396387
0.396412
0.396419
0.396407
0.396398
0.396388
0.396343
0.396376
0.396354
0.396344
0.396351
0.396305
0.396337
0.396345
0.396373
0.396395
0.396395
0.396403
0.396415
0.396421
0.396407
0.39638
0.39638
0.396392
0.39637
0.39636
0.396376
0.396355
0.396342
0.396358
0.396312
0.396311
0.396305
0.396275
0.396227
0.396214
0.396212
0.396207
0.396213
0.396194
0.396221
0.396158
0.396165
0.396123
0.39613
0.396098
0.396107
0.396076
0.396048
0.396032
0.396019
0.396008
0.395956
0.395941
0.395928
0.395916
0.395933
0.395935
0.395956
0.395946
0.395981
0.395981
0.395973
0.395972
0.39596
0.39599
0.395993
0.396003
0.396026
0.396009
0.396011
0.395956
0.395934
0.395927
0.395877
0.395842
0.395837
0.395803
0.395815
0.39585
0.39584
0.395844
0.395806
0.395814
0.395819
0.395797
0.395775
0.395788
0.395796
0.395774
0.395732
0.395702
0.395715
0.395705
0.395681
0.395671
0.395687
0.395676
0.395645
0.395612
0.395619
0.395574
0.395553
0.39553
0.395532
0.395496
0.395506
0.395481
0.395468
0.395464
0.395424
0.395417
0.395445
0.395434
0.395441
0.395392
0.395384
0.39538
0.39537
0.395362
0.395316
0.395321
0.395318
0.395312
0.395305
0.395327
0.395326
0.395313
0.395303
0.395304
0.395276
0.395286
0.395317
0.39532
0.395268
0.395257
0.39526
0.395276
0.395288
0.395297
0.395308
0.395303
0.395299
0.395338
0.395339
0.395343
0.395304
0.395335
0.395354
0.395329
0.395327
0.395341
0.395315
0.395312
0.395303
0.395338
0.395331
0.39532
0.395263
0.395275
0.39527
0.395266
0.395251
0.395245
0.395221
0.395239
0.39521
0.395199
0.395204
0.395212
0.395259
0.395245
0.395215
0.395181
0.395164
0.395168
0.395143
0.39514
0.395156
0.395129
0.395063
0.395055
0.395025
0.395015
0.395031
0.39503
0.395038
0.395056
0.395053
0.395048
0.395065
0.395031
0.395028
0.394986
0.394957
0.394951
0.394936
0.394923
0.394903
0.394889
0.394886
0.394879
0.394878
0.394846
0.394819
0.394801
0.394782
0.394765
0.394768
0.394787
0.394778
0.394796
0.394776
0.394795
0.39477
0.394746
0.394768
0.394733
0.39472
0.3947
0.394656
0.394643
0.394603
0.394591
0.394583
0.394574
0.394584
0.394597
0.394587
0.394584
0.394595
0.394587
0.394562
0.394578
0.394566
0.394558
0.394572
0.394594
0.394558
0.39451
0.394526
0.394512
0.394517
0.394484
0.394509
0.394462
0.394444
0.394417
0.394419
0.394411
0.394456
0.39446
0.394486
0.394477
0.394466
0.394431
0.39439
0.394381
0.394375
0.394369
0.394367
0.394415
0.394408
0.394404
0.394414
0.394383
0.394379
0.394385
0.394375
0.394364
0.394365
0.394359
0.39438
0.394381
0.394389
0.394406
0.39439
0.394378
0.394401
0.394393
0.394384
0.394405
0.394377
0.394401
0.394403
0.394417
0.394407
0.394399
0.394411
0.394394
0.394398
0.394364
0.394369
0.394359
0.394358
0.394358
0.394365
0.394339
0.394333
0.394352
0.394379
0.394367
0.394382
0.394428
0.394454
0.394469
0.394465
0.394463
0.394473
0.394436
0.394451
0.394447
0.394421
0.394415
0.394407
0.394417
0.394436
0.394474
0.394468
0.394492
0.394513
0.394522
0.394527
0.394547
0.394554
0.394545
0.394572
0.394582
0.394589
0.394574
0.394588
0.394581
0.394575
0.394581
0.394608
0.394643
0.394644
0.394644
0.394643
0.394651
0.394653
0.394649
0.394665
0.394656
0.394682
0.394685
0.394716
0.394676
0.39466
0.394634
0.394635
0.394622
0.394633
0.394637
0.394582
0.394579
0.394543
0.394511
0.394486
0.39446
0.394447
0.394454
0.394439
0.394429
0.394433
0.394425
0.394415
0.394401
0.394376
0.394365
0.394374
0.394358
0.394375
0.394377
0.394363
0.394371
0.394355
0.394358
0.394349
0.394357
0.394344
0.394321
0.394335
0.394327
0.39434
0.394313
0.394279
0.394289
0.394259
0.394262
0.394259
0.394262
0.394302
0.394303
0.394304
0.394278
0.394306
0.394269
0.394242
0.394235
0.394232
0.394227
0.394217
0.394206
0.394228
0.394217
0.394238
0.394245
0.394261
0.394287
0.39428
0.394269
0.394282
0.394272
0.394238
0.394269
0.394257
0.394259
0.394279
0.394309
0.394304
0.3943
0.394287
0.394283
0.394271
0.394274
0.394252
0.394255
0.394241
0.394259
0.394252
0.394218
0.394215
0.394239
0.39424
0.394244
0.394231
0.394215
0.394203
0.394198
0.394185
0.394197
0.394194
0.394189
0.394212
0.39423
0.39425
0.394257
0.394259
0.394271
0.394253
0.394248
0.394245
0.394246
0.394222
0.394232
0.39425
0.394249
0.394258
0.394209
0.394191
0.394172
0.394151
0.394171
0.394156
0.394162
0.394161
0.394193
0.394195
0.394176
0.394142
0.394161
0.394163
0.394176
0.394201
0.394199
0.394199
0.394208
0.394192
0.394159
0.394177
0.39421
0.394194
0.394157
0.39414
0.394112
0.3941
0.394114
0.394116
0.394121
0.394114
0.394122
0.394154
0.394128
0.394126
0.394102
0.394078
0.394076
0.394063
0.394061
0.39406
0.394031
0.394024
0.394052
0.394049
0.394065
0.394057
0.394045
0.394036
0.393997
0.394002
0.393989
0.393991
0.394007
0.394023
0.394037
0.394033
0.394011
0.394003
0.393956
0.393978
0.393995
0.394
0.393957
0.39396
0.393963
0.39396
0.393924
0.393934
0.393923
0.393909
0.39392
0.393928
0.393916
0.393896
0.393887
0.393899
0.393903
0.393906
0.393898
0.393883
0.393885
0.393873
0.393876
0.393861
0.393852
0.393858
0.393869
0.393847
0.393854
0.393863
0.393869
0.393878
0.393872
0.39391
0.393909
0.39389
0.393884
0.393884
0.393867
0.393861
0.393864
0.393879
0.393884
0.393895
0.393926
0.393927
0.393926
0.393921
0.393907
0.393906
0.393905
0.393888
0.393888
0.393898
0.393899
0.39388
0.393862
0.393852
0.393861
0.393862
0.393864
0.393857
0.393839
0.393839
0.393832
0.393802
0.393791
0.393799
0.393793
0.393787
0.393794
0.393782
0.393789
0.393791
0.393765
0.393759
0.393795
0.393792
0.393794
0.393799
0.393801
0.393795
0.393814
0.393814
0.393831
0.393833
0.393833
0.393837
0.393835
0.393812
0.393826
0.393828
0.393856
0.393839
0.393841
0.393809
0.393793
0.393792
0.393787
0.393794
0.393801
0.393785
0.393768
0.393794
0.393782
0.393787
0.393782
0.393789
0.39379
0.393778
0.393771
0.393759
0.393746
0.393769
0.393772
0.393763
0.393734
0.393736
0.39376
0.393748
0.393748
0.39376
0.393785
0.39378
0.393786
0.393788
0.393812
0.393814
0.393787
0.393789
0.393775
0.393795
0.393763
0.393733
0.393717
0.393722
0.39376
0.393774
0.393775
0.39377
0.393795
0.393772
0.393776
0.393775
0.393767
0.39376
0.393735
0.393735
0.393771
0.393756
0.39375
0.393738
0.39374
0.393747
0.393755
0.393758
0.393775
0.393784
0.393799
0.393784
0.393787
0.393779
0.393761
0.393761
0.393765
0.393753
0.393731
0.393697
0.393666
0.393677
0.393671
0.393665
0.393671
0.393672
0.393685
0.393676
0.393685
0.393689
0.393688
0.393683
0.393675
0.393676
0.393699
0.393708
0.393701
0.393732
0.393734
0.393731
0.39373
0.393735
0.393723
0.393707
0.393691
0.393692
0.393686
0.393689
0.393709
0.39371
0.393688
0.393658
0.393661
0.393672
0.393658
0.393675
0.393671
0.393683
0.393687
0.393694
0.39369
0.393683
0.393681
0.39369
0.393669
0.393672
0.393696
0.393684
0.393698
0.393693
0.393679
0.393661
0.393659
0.393651
0.393668
0.39365
0.393663
0.393666
0.393667
0.393647
0.393646
0.393669
0.393666
0.393632
0.393634
0.393647
0.393664
0.39366
0.393674
0.393673
0.393672
0.393672
0.393664
0.393657
0.393638
0.393662
0.393685
0.393672
0.393675
0.393684
0.393679
0.393675
0.393685
0.39368
0.393668
0.393658
0.393651
0.393646
0.393659
0.393651
0.393653
0.393679
0.393681
0.393668
0.393682
0.393661
0.393654
0.393649
0.393652
0.393651
0.39366
0.393649
0.393647
0.393669
0.393671
0.393666
0.393665
0.393676
0.393672
0.393687
0.393704
0.393713
0.393709
0.39371
0.393701
0.393698
0.393702
0.393738
0.393724
0.39372
0.393729
0.393721
0.393735
0.393752
0.393748
0.393737
0.393749
0.393738
0.393725
0.393729
0.39374
0.393737
0.39372
0.393695
0.393692
0.393686
0.3937
0.393728
0.393742
0.393742
0.393733
0.393734
0.393751
0.39377
0.393781
0.393788
0.393782
0.393795
0.39379
0.393814
0.393789
0.393761
0.39378
0.393776
0.393779
0.393778
0.393796
0.393803
0.393805
0.393792
0.393796
0.393785
0.393801
0.393789
0.393809
0.393778
0.393773
0.393773
0.393792
0.39382
0.393855
0.393857
0.393877
0.39389
0.393884
0.393877
0.393884
0.393879
0.39388
0.3939
0.393894
0.393913
0.393939
0.393929
0.393921
0.393924
0.393945
0.393939
0.393963
0.393972
0.393987
0.393985
0.393981
0.393991
0.393998
0.394006
0.393985
0.393981
0.393978
0.393981
0.39399
0.393989
0.394013
0.394014
0.394027
0.39402
0.394024
0.394019
0.394012
0.394013
0.394028
0.394024
0.394034
0.394042
0.394036
0.394052
0.394051
0.39405
0.394055
0.39406
0.394065
0.39406
0.394054
0.394066
0.394064
0.39409
0.394086
0.39408
0.39408
0.394089
0.394083
0.394083
0.394084
0.394071
0.394067
0.394062
0.394057
0.394046
0.394037
0.394032
0.394028
0.394026
0.394025
0.394012
0.39403
0.39403
0.39404
0.394049
0.394064
0.394065
0.394057
0.394058
0.394035
0.394059
0.394077
0.394098
0.39407
0.394081
0.394095
0.39408
0.39408
0.394087
0.394089
0.394093
0.394105
0.394108
0.394121
0.394106
0.394108
0.394115
0.394089
0.394087
0.394089
0.394089
0.394076
0.394071
0.394068
0.394085
0.394081
0.394055
0.394057
0.394027
0.394002
0.393996
0.393986
0.393999
0.393984
0.393992
0.393991
0.394
0.393999
0.394013
0.394006
0.393993
0.393991
0.393983
0.393978
0.393977
0.393966
0.393955
0.393949
0.393945
0.393962
0.393944
0.393941
0.393943
0.393921
0.39393
0.393934
0.393944
0.393947
0.393966
0.393976
0.393958
0.393935
0.393928
0.393929
0.393917
0.393916
0.393911
0.393905
0.393922
0.393908
0.393895
0.393906
0.393917
0.393924
0.393937
0.393936
0.393927
0.393924
0.393907
0.393906
0.393905
0.393892
0.393911
0.393918
0.393935
0.393926
0.39393
0.393919
0.393909
0.39393
0.393943
0.393928
0.393925
0.393937
0.393953
0.393946
0.393935
0.393953
0.393955
0.393948
0.393972
0.393962
0.393946
0.393952
0.393948
0.393927
0.393927
0.39393
0.393923
0.393937
0.393945
0.39397
0.393981
0.393948
0.393951
0.393938
0.393954
0.393943
0.393925
0.393917
0.393915
0.393919
0.393912
0.393898
0.39391
0.393929
0.393936
0.39396
0.393947
0.393934
0.393949
0.393951
0.393952
0.393954
0.393957
0.393952
0.393952
0.393952
0.393961
0.393957
0.393954
0.393945
0.393939
0.393935
0.393934
0.393941
0.393944
0.393958
0.393946
0.393935
0.393945
0.393946
0.393951
0.393937
0.393953
0.393949
0.393934
0.393913
0.393917
0.393922
0.393921
0.393935
0.393939
0.393948
0.393956
0.393945
0.393949
0.393947
0.393933
0.393934
0.393954
0.393947
0.393945
0.393962
0.393961
0.393958
0.393976
0.39398
0.393971
0.393983
0.393992
0.393991
0.394004
0.393984
0.393999
0.393992
0.393987
0.393987
0.393997
0.393996
0.394
0.393991
0.393986
0.393977
0.393979
0.39396
0.393968
0.393949
0.39396
0.393959
0.393951
0.393954
0.393946
0.393959
0.393952
0.39395
0.393948
0.393947
0.393964
0.393977
0.393967
0.393965
0.393951
0.393952
0.393943
0.393939
0.393922
0.393901
0.393897
0.393892
0.393901
0.393903
0.393905
0.393888
0.393891
0.393894
0.393889
0.393891
0.393865
0.393843
0.393842
0.393835
0.393837
0.393841
0.393837
0.393833
0.393837
0.393839
0.39385
0.393842
0.393845
0.393834
0.39382
0.393806
0.393812
0.393813
0.393814
0.393808
0.393811
0.393818
0.393822
0.393818
0.393816
0.393816
0.393799
0.393798
0.393808
0.393824
0.393818
0.393834
0.393828
0.393825
0.393834
0.393848
0.393847
0.393855
0.393865
0.393854
0.393856
0.393843
0.393849
0.393841
0.393842
0.39383
0.393838
0.39383
0.393814
0.393793
0.39381
0.393798
0.393797
0.393789
0.393778
0.393773
0.393733
0.393721
0.393711
0.3937
0.393691
0.393703
0.393718
0.393731
0.393719
0.3937
0.393712
0.393726
0.39374
0.393741
0.393736
0.393728
0.393707
0.393708
0.393714
0.393702
0.393702
0.393702
0.393682
0.393684
0.39367
0.393654
0.393649
0.39365
0.393636
0.393622
0.393614
0.393609
0.393612
0.393618
0.393602
0.393604
0.393601
0.393596
0.393581
0.393588
0.393587
0.393591
0.3936
0.393594
0.393583
0.393594
0.393593
0.393588
0.393576
0.393587
0.393585
0.393582
0.393583
0.393584
0.393593
0.393587
0.393569
0.393574
0.393567
0.393561
0.393552
0.393555
0.39355
0.393542
0.393536
0.393532
0.39352
0.393504
0.393512
0.393512
0.393528
0.393537
0.393539
0.393532
0.393528
0.39354
0.393534
0.393535
0.393525
0.393518
0.393513
0.393494
0.393497
0.393493
0.393489
0.393479
0.393469
0.393476
0.39348
0.393465
0.393455
0.393459
0.393453
0.39346
0.393455
0.393454
0.393449
0.393436
0.393432
0.393429
0.393457
0.393435
0.39344
0.393435
0.39343
0.393429
0.393437
0.393436
0.393447
0.393428
0.393428
0.393412
0.393408
0.39342
0.393433
0.393438
0.393442
0.393444
0.393466
0.393466
0.393455
0.393451
0.393442
0.393436
0.393436
0.393443
0.393459
0.393462
0.393455
0.39345
0.39345
0.39345
0.39347
0.393469
0.393456
0.393458
0.393467
0.393476
0.393461
0.39346
0.393469
0.393469
0.393476
0.39348
0.393483
0.39347
0.393448
0.39344
0.39343
0.393419
0.393418
0.393411
0.39341
0.393408
0.393403
0.393395
0.393389
0.393387
0.393373
0.393355
0.393342
0.393346
0.393345
0.393343
0.39333
0.393319
0.393314
0.393307
0.393303
0.393311
0.393303
0.393313
0.393315
0.393316
0.393316
0.393314
0.3933
0.393299
0.393287
0.393277
0.393262
0.39326
0.39325
0.393241
0.393243
0.393251
0.393256
0.393249
0.39325
0.393252
0.393246
0.393241
0.393235
0.393226
0.393209
0.393195
0.393199
0.393225
0.393226
0.393225
0.393227
0.393229
0.393233
0.393222
0.393227
0.393224
0.39322
0.39322
0.393204
0.393185
0.393177
0.393159
0.393172
0.393177
0.393184
0.393169
0.393175
0.39316
0.393153
0.393146
0.39315
0.393132
0.393132
0.393116
0.393116
0.393102
0.393085
0.393081
0.393079
0.393073
0.393069
0.393083
0.393077
0.393082
0.393066
0.393066
0.393055
0.393065
0.393058
0.393064
0.393064
0.393063
0.393053
0.393035
0.39303
0.393006
0.392998
0.392992
0.39299
0.392988
0.392993
0.392972
0.392991
0.392997
0.392993
0.392985
0.392989
0.392987
0.392987
0.392977
0.392969
0.392981
0.392993
0.392993
0.392999
0.393013
0.39301
0.393016
0.393017
0.393029
0.39303
0.393032
0.393003
0.393009
0.392996
0.392978
0.39298
0.392969
0.392962
0.392958
0.392968
0.392958
0.392959
0.392967
0.392968
0.39295
0.392947
0.392951
0.392941
0.392936
0.392918
0.392917
0.392904
0.392908
0.392884
0.39288
0.392877
0.392866
0.392886
0.392886
0.392883
0.392888
0.392901
0.392892
0.392885
0.392888
0.392884
0.39289
0.392903
0.392912
0.392922
0.39292
0.392927
0.392937
0.392929
0.392931
0.392932
0.392936
0.392949
0.392956
0.392969
0.392976
0.392989
0.392982
0.39297
0.392975
0.392968
0.392976
0.392961
0.392948
0.392948
0.392941
0.392928
0.39292
0.392925
0.392932
0.39292
0.392918
0.392924
0.392902
0.392909
0.392894
0.392899
0.392889
0.39288
0.392864
0.392855
0.392862
0.392857
0.392857
0.392871
0.392881
0.392878
0.392901
0.392906
0.392917
0.392915
0.39293
0.392917
0.392904
0.392915
0.392919
0.392934
0.392945
0.392926
0.392907
0.392913
0.392908
0.3929
0.392879
0.392871
0.392877
0.392877
0.392887
0.392887
0.392899
0.392902
0.392908
0.392928
0.392927
0.39294
0.39294
0.392935
0.392948
0.392939
0.392945
0.39294
0.392936
0.392925
0.392919
0.39291
0.392919
0.392912
0.392904
0.392901
0.392898
0.392889
0.392875
0.39288
0.392874
0.392863
0.392885
0.39288
0.392875
0.392861
0.39288
0.392897
0.392888
0.392886
0.392871
0.392863
0.39286
0.392871
0.392866
0.392879
0.392884
0.392888
0.392888
0.392898
0.392903
0.39291
0.392899
0.392897
0.392901
0.392907
0.392892
0.392898
0.392895
0.392891
0.392894
0.392903
0.392896
0.392903
0.392896
0.392885
0.392887
0.392898
0.392897
0.39289
0.392904
0.392903
0.392886
0.3929
0.392889
0.392893
0.392906
0.392901
0.392903
0.392907
0.392921
0.39292
0.3929
0.392906
0.3929
0.392895
0.392889
0.392888
0.392883
0.392881
0.392885
0.392893
0.392899
0.39289
0.392895
0.392887
0.392901
0.392905
0.392896
0.392882
0.392885
0.392892
0.392916
0.392912
0.392902
0.392906
0.392902
0.392903
0.392894
0.39291
0.392915
0.392917
0.39292
0.392898
0.392888
0.392884
0.392889
0.392889
0.392895
0.392886
0.392892
0.392881
0.392891
0.392894
0.392884
0.392866
0.392865
0.392868
0.392874
0.392868
0.392865
0.392868
0.392864
0.392872
0.392877
0.392869
0.39287
0.392865
0.392851
0.392852
0.392848
0.392834
0.392841
0.392838
0.392844
0.392851
0.39286
0.392868
0.392879
0.392892
0.39289
0.392908
0.392902
0.392906
0.392895
0.3929
0.392906
0.3929
0.392916
0.39291
0.392919
0.392923
0.392933
0.392942
0.392935
0.392937
0.392935
0.392943
0.392947
0.392938
0.392933
0.392921
0.39291
0.392918
0.392916
0.392918
0.392914
0.392913
0.392911
0.392912
0.392908
0.392915
0.392918
0.392912
0.392903
0.392908
0.392909
0.392915
0.39291
0.392916
0.392917
0.39292
0.392925
0.392927
0.392944
0.392936
0.392933
0.392943
0.392933
0.392936
0.392927
0.392926
0.392915
0.392903
0.392903
0.392904
0.392921
0.392924
0.39293
0.392928
0.392915
0.392896
0.392888
0.392891
0.392892
0.392899
0.392892
0.392896
0.392897
0.392911
0.392916
0.392917
0.392922
0.392926
0.392926
0.392941
0.39294
0.392944
0.392942
0.39294
0.392942
0.392929
0.392931
0.392939
0.392946
0.392954
0.392956
0.39296
0.392962
0.392966
0.392973
0.392966
0.392971
0.39296
0.392965
0.392976
0.392965
0.392969
0.392975
0.392995
0.392989
0.39298
0.392975
0.39297
0.392977
0.392983
0.392993
0.393004
0.392995
0.392989
0.392973
0.392974
0.392979
0.392979
0.392983
0.392973
0.392978
0.392969
0.392958
0.392961
0.392947
0.392959
0.392938
0.392946
0.392926
0.392913
0.392907
0.392909
0.39292
0.392929
0.392926
0.392933
0.392924
0.392918
0.392914
0.392906
0.392902
0.3929
0.392901
0.392895
0.392912
0.392895
0.392889
0.392884
0.392883
0.392899
0.392885
0.392879
0.392887
0.392874
0.39287
0.392863
0.392871
0.392865
0.39286
0.392878
0.392886
0.392891
0.392861
0.392855
0.392848
0.392857
0.392849
0.392851
0.392844
0.392844
0.392845
0.392856
0.392867
0.392865
0.392865
0.392862
0.392857
0.392856
0.39285
0.392845
0.392847
0.39284
0.392842
0.392845
0.392845
0.392834
0.392828
0.392835
0.392843
0.392839
0.392842
0.392835
0.392838
0.392837
0.392853
0.392845
0.392841
0.392832
0.392838
0.392817
0.392812
0.392813
0.392805
0.392803
0.392806
