0
0.165414
0.132827
0.137128
0.12549
0.125197
0.123625
0.11831
0.117005
0.112967
0.111155
0.112824
0.111989
0.112213
0.112308
0.10976
0.107121
0.106835
0.108205
0.108845
0.109403
0.108717
0.110287
0.108766
0.107956
0.107996
0.1087
0.107896
0.107804
0.107738
0.107757
0.108103
0.10864
0.109194
0.108639
0.108048
0.107611
0.109327
0.109013
0.108834
0.108696
0.108608
0.108314
0.107776
0.106863
0.106951
0.107206
0.107584
0.106887
0.106272
0.105462
0.106089
0.106502
0.106464
0.10587
0.106422
0.106446
0.106044
0.106044
0.106543
0.106705
0.106412
0.107094
0.106598
0.106562
0.106082
0.106385
0.106124
0.106058
0.105827
0.105313
0.105101
0.105083
0.104538
0.10439
0.104087
0.104291
0.10433
0.104364
0.104333
0.104251
0.103749
0.103479
0.102891
0.10316
0.103552
0.103931
0.103601
0.103032
0.103125
0.103102
0.103464
0.103739
0.103484
0.103778
0.10376
0.103637
0.103242
0.103376
0.103351
0.103469
0.103297
0.103277
0.103474
0.103667
0.104061
0.103647
0.103368
0.103151
0.103206
0.102985
0.102966
0.102855
0.102715
0.10308
0.102678
0.102338
0.10217
0.101854
0.102123
0.102058
0.102103
0.10182
0.101509
0.101716
0.10121
0.101399
0.101099
0.101216
0.101138
0.101323
0.101738
0.101553
0.1014
0.101671
0.101701
0.101787
0.101623
0.101673
0.101913
0.102145
0.101981
0.102028
0.10193
0.1019
0.101927
0.101836
0.10161
0.10183
0.10187
0.101817
0.102107
0.101959
0.102085
0.102149
0.102319
0.102163
0.101964
0.101836
0.101688
0.101818
0.10195
0.101692
0.101631
0.101608
0.10133
0.101347
0.101285
0.101395
0.101255
0.101145
0.101139
0.101002
0.100984
0.10097
0.100873
0.100776
0.100688
0.100669
0.100633
0.100607
0.100794
0.100901
0.100966
0.100981
0.100941
0.101024
0.101014
0.101065
0.101082
0.101051
0.101131
0.101038
0.100971
0.101199
0.100987
0.100963
0.101178
0.101147
0.101163
0.101172
0.101068
0.101109
0.10096
0.100841
0.100795
0.100963
0.100962
0.101125
0.100879
0.100966
0.100773
0.100749
0.100649
0.100702
0.100818
0.100854
0.100919
0.101211
0.101173
0.101117
0.101154
0.101149
0.101262
0.101234
0.101181
0.10122
0.101186
0.101128
0.101199
0.101064
0.101152
0.101005
0.101059
0.100918
0.100887
0.100956
0.100847
0.100987
0.101137
0.101325
0.101157
0.1011
0.101269
0.101298
0.101244
0.101363
0.101198
0.101206
0.101132
0.101326
0.101273
0.101101
0.101092
0.101551
0.101637
0.101516
0.10154
0.101769
0.101778
0.101706
0.101657
0.101656
0.101678
0.101824
0.10193
0.102017
0.101954
0.10207
0.101942
0.10184
0.10191
0.102
0.101987
0.101957
0.101828
0.101876
0.102014
0.101924
0.10212
0.102163
0.102176
0.101989
0.102037
0.102088
0.102137
0.10209
0.10201
0.102154
0.102066
0.102151
0.102152
0.102131
0.102135
0.102097
0.101944
0.101823
0.101825
0.101893
0.10187
0.10191
0.101815
0.101719
0.101646
0.10158
0.101732
0.101846
0.101812
0.101813
0.101791
0.101861
0.101867
0.101962
0.101972
0.102076
0.102133
0.102148
0.102089
0.102189
0.102111
0.102043
0.102073
0.101975
0.101951
0.101919
0.101825
0.101936
0.101981
0.102217
0.102141
0.102087
0.102167
0.102204
0.102093
0.10196
0.101883
0.101737
0.101684
0.101533
0.101579
0.101416
0.101423
0.101496
0.101484
0.101484
0.101527
0.101444
0.101504
0.101585
0.101625
0.101672
0.101671
0.101807
0.101877
0.101673
0.10162
0.101615
0.101581
0.101426
0.101334
0.101492
0.101617
0.101652
0.101639
0.101692
0.101758
0.101739
0.101776
0.101727
0.101679
0.101654
0.101648
0.101603
0.101601
0.101576
0.101557
0.101546
0.101574
0.101585
0.101509
0.101532
0.101592
0.101557
0.101517
0.101507
0.101451
0.101432
0.101445
0.101488
0.101635
0.101587
0.101498
0.1015
0.10152
0.101431
0.101384
0.101435
0.101378
0.101342
0.101494
0.101411
0.101292
0.101284
0.101223
0.10121
0.101196
0.101221
0.101172
0.101241
0.10129
0.101322
0.10137
0.101279
0.101247
0.10121
0.101234
0.101237
0.101245
0.101363
0.101402
0.101364
0.101365
0.101503
0.101562
0.101629
0.101606
0.10157
0.101541
0.101521
0.101624
0.101651
0.101653
0.101653
0.101586
0.101616
0.101555
0.101541
0.101577
0.101656
0.101623
0.101693
0.101667
0.101617
0.101479
0.101477
0.10144
0.101416
0.101503
0.101457
0.101376
0.101396
0.101503
0.101478
0.101487
0.101468
0.101552
0.101572
0.101556
0.101503
0.101452
0.101402
0.101442
0.101503
0.101509
0.101469
0.10143
0.101414
0.101313
0.101353
0.101382
0.101388
0.101407
0.10146
0.101433
0.101476
0.101421
0.101433
0.101395
0.101394
0.101296
0.101228
0.10121
0.10122
0.10112
0.101031
0.101076
0.101115
0.101143
0.101168
0.101109
0.101072
0.100986
0.100932
0.100889
0.100925
0.100932
0.100815
0.10083
0.100864
0.100785
0.100766
0.100802
0.100772
0.100806
0.100793
0.100724
0.100723
0.100667
0.100686
0.100674
0.100665
0.100699
0.100689
0.100593
0.100627
0.10056
0.100513
0.100531
0.100491
0.100467
0.100567
0.100552
0.1006
0.100597
0.100574
0.100572
0.100647
0.100686
0.100715
0.10078
0.100723
0.100667
0.100656
0.100576
0.100502
0.100507
0.100501
0.100521
0.100435
0.100479
0.100446
0.100453
0.100385
0.100346
0.100352
0.100345
0.100416
0.100453
0.100438
0.100415
0.100426
0.100444
0.100455
0.100449
0.100472
0.100502
0.100475
0.100499
0.100442
0.100465
0.100509
0.100576
0.100494
0.100541
0.100535
0.10058
0.10066
0.100659
0.100633
0.100665
0.100641
0.100629
0.100644
0.10058
0.100619
0.100598
0.100597
0.100527
0.100555
0.100577
0.10058
0.100623
0.100615
0.10064
0.100645
0.100543
0.100582
0.10062
0.100606
0.10067
0.100696
0.100653
0.100667
0.100663
0.100701
0.100622
0.100656
0.100643
0.100713
0.100758
0.100649
0.10062
0.100719
0.100696
0.100759
0.100728
0.100749
0.10075
0.100691
0.100717
0.100741
0.10076
0.100762
0.100696
0.100678
0.100628
0.100557
0.100531
0.100509
0.100451
0.100375
0.10037
0.100417
0.100395
0.100313
0.100392
0.100413
0.100436
0.100493
0.100464
0.100467
0.100458
0.100462
0.100395
0.100387
0.100385
0.100352
0.100369
0.100409
0.100401
0.100462
0.100408
0.100444
0.100465
0.100473
0.100479
0.100528
0.100527
0.100483
0.100492
0.100536
0.100546
0.100563
0.100565
0.100582
0.100559
0.100644
0.100592
0.100545
0.100667
0.100701
0.100666
0.100646
0.100673
0.100618
0.100639
0.100595
0.100598
0.100606
0.100684
0.100692
0.100692
0.100731
0.1007
0.100737
0.100739
0.100771
0.100701
0.100741
0.100688
0.100657
0.100649
0.100612
0.100571
0.10053
0.100553
0.100605
0.10057
0.100571
0.100589
0.100619
0.100647
0.100649
0.100623
0.100668
0.100699
0.100722
0.100673
0.100657
0.100703
0.100668
0.100617
0.100621
0.100685
0.100645
0.100597
0.100607
0.100614
0.100586
0.100561
0.100566
0.100542
0.10058
0.100607
0.100612
0.100688
0.10066
0.100691
0.100666
0.100655
0.100653
0.100677
0.100686
0.100748
0.100745
0.10076
0.100726
0.100705
0.100701
0.100685
0.100644
0.100644
0.100631
0.1006
0.100541
0.100491
0.100509
0.10052
0.100513
0.100491
0.100639
0.100562
0.100508
0.100508
0.100563
0.100523
0.100516
0.100495
0.100492
0.100552
0.100547
0.100556
0.100517
0.100474
0.100478
0.10047
0.10043
0.100425
0.100382
0.100377
0.100388
0.100366
0.100373
0.100404
0.100404
0.100406
0.100392
0.100327
0.100316
0.100323
0.100342
0.100327
0.100361
0.100368
0.10041
0.100418
0.100373
0.100428
0.10044
0.100492
0.100453
0.100431
0.100394
0.100372
0.100403
0.100379
0.100395
0.100396
0.100324
0.100308
0.10035
0.100322
0.100266
0.100265
0.100249
0.100284
0.100234
0.100181
0.100126
0.10012
0.100159
0.100138
0.100137
0.100142
0.100088
0.10007
0.100093
0.100067
0.100062
0.10006
0.100094
0.100108
0.100117
0.10008
0.100059
0.100036
0.100038
0.100008
0.100012
0.100023
0.100033
0.100026
0.100033
0.100026
0.100017
0.100069
0.100024
0.100091
0.100108
0.100164
0.100187
0.100203
0.100218
0.100228
0.100236
0.100161
0.100151
0.100167
0.100221
0.100256
0.10027
0.100299
0.100299
0.10025
0.100234
0.10022
0.100202
0.1002
0.100195
0.100163
0.100213
0.100231
0.100221
0.100237
0.100229
0.100268
0.100294
0.100291
0.100299
0.100222
0.100193
0.100208
0.100252
0.100211
0.100207
0.100175
0.100201
0.100179
0.100124
0.100098
0.100044
0.100024
0.100024
0.100013
0.100058
0.100066
0.100082
0.100082
0.100072
0.100021
0.100037
0.100053
0.100028
0.100013
0.0999762
0.099922
0.0999442
0.0999828
0.0999215
0.0999191
0.099889
0.0999046
0.099943
0.0999837
0.0999724
0.0999578
0.0999457
0.0999093
0.0999248
0.0999725
0.0999701
0.0999919
0.0999742
0.0999734
0.0999518
0.0999727
0.0999599
0.0999583
0.09992
0.0998793
0.0998922
0.0998947
0.0999084
0.0998981
0.0998959
0.0999134
0.0998715
0.0998732
0.099833
0.0998102
0.0997781
0.0997515
0.0997186
0.0997166
0.0997114
0.0997392
0.0996728
0.0996732
0.099672
0.0997028
0.0996883
0.0996995
0.099696
0.0996869
0.0996585
0.0996511
0.099667
0.0996867
0.0997048
0.0996819
0.0996861
0.0996593
0.0996727
0.0997533
0.0997327
0.0997623
0.099804
0.0997919
0.0997638
0.0997786
0.099801
0.0997783
0.0997686
0.0997513
0.0997646
0.0997488
0.0997582
0.0997242
0.0997313
0.0997278
0.0997183
0.0996769
0.0996856
0.0996784
0.099687
0.099734
0.0997667
0.0997563
0.0997183
0.0997388
0.0996994
0.0997147
0.0996858
0.0996741
0.0996744
0.0996793
0.0996386
0.099633
0.0996609
0.0996702
0.0996616
0.0996746
0.0996949
0.0996967
0.0996652
0.0996936
0.0996968
0.0996795
0.0997144
0.0997007
0.0996907
0.099647
0.0996569
0.0996807
0.0996839
0.0996952
0.0996831
0.0997067
0.0996939
0.0996702
0.0996312
0.0995742
0.099563
0.0995932
0.0996668
0.0996686
0.0996992
0.0997392
0.0997272
0.0997325
0.0997536
0.0997236
0.099754
0.0997952
0.0997768
0.0997813
0.0998009
0.0997953
0.099782
0.0998201
0.0998295
0.0998168
0.0998341
0.0998442
0.0998429
0.0998282
0.0997929
0.0997662
0.0997607
0.0997284
0.0997195
0.099724
0.0997342
0.0997337
0.0997333
0.0997399
0.0997549
0.0998183
0.0998366
0.0998613
0.0998565
0.099914
0.099905
0.0998723
0.0998592
0.0998461
0.099833
0.0998582
0.0998153
0.0997759
0.0997948
0.0997701
0.099724
0.0997007
0.0996975
0.0997185
0.0997264
0.0997239
0.0997723
0.0997711
0.0997988
0.0997928
0.0997738
0.0997816
0.0998153
0.0998032
0.0997863
0.0998035
0.0998412
0.0999067
0.0998952
0.0998749
0.0998907
0.0998826
0.0998475
0.0998612
0.0998504
0.0998695
0.0998669
0.0998543
0.0998807
0.0998949
0.0998775
0.0998938
0.0998838
0.0998678
0.0998652
0.0998298
0.099846
0.0998321
0.0998376
0.0998705
0.0998719
0.0998734
0.0998688
0.0998463
0.0998425
0.0998632
0.0998534
0.0998416
0.0998569
0.0998557
0.0998201
0.0998289
0.0998139
0.0997936
0.0998116
0.0998585
0.0999185
0.0998896
0.0999048
0.099899
0.0999128
0.0998959
0.0998862
0.0998628
0.0998629
0.0998304
0.0997921
0.0998125
0.0998276
0.0998291
0.0998214
0.0998249
0.0998192
0.0998161
0.0998221
0.0998487
0.0998631
0.0998529
0.0998827
0.099924
0.0999389
0.0999183
0.0999158
0.0998832
0.0998403
0.0998212
0.0998137
0.0997966
0.0998191
0.0998078
0.0998213
0.0998177
0.0997956
0.0997907
0.0998055
0.0998038
0.0998122
0.0998288
0.0998423
0.0998696
0.0998792
0.0998427
0.099846
0.0998896
0.0999364
0.0999358
0.0999509
0.0999529
0.0999517
0.0999611
0.099953
0.0999624
0.0999243
0.09992
0.0999001
0.0999082
0.0999083
0.0998909
0.0999209
0.0999216
0.0999204
0.0999298
0.0998908
0.0999126
0.0999337
0.099943
0.0998992
0.0999024
0.0999191
0.0999315
0.099931
0.0999064
0.0999569
0.099949
0.0999435
0.0999564
0.0999411
0.0999209
0.09991
0.0999284
0.0999095
0.0998894
0.0998925
0.0999079
0.0998842
0.0998885
0.0998874
0.0998492
0.099839
0.0998428
0.0998405
0.0998285
0.0998401
0.0998717
0.099896
0.0999112
0.0998847
0.0998673
0.0998897
0.0998802
0.0998532
0.0998239
0.0998132
0.0998092
0.0997889
0.0997999
0.0997803
0.0997631
0.0997442
0.0997599
0.0997888
0.0997657
0.0997372
0.0997112
0.0996823
0.0996706
0.0996965
0.0996991
0.0997112
0.0997085
0.0997081
0.0997261
0.0997121
0.0997697
0.0997692
0.0997889
0.0997749
0.0997551
0.0997706
0.0997672
0.0997551
0.0997535
0.0997391
0.0997252
0.0997038
0.09969
0.0996973
0.099687
0.0996633
0.0996519
0.0996288
0.0996658
0.0997074
0.099721
0.0997212
0.0997615
0.0997588
0.0997769
0.0997806
0.0998062
0.0998092
0.0998371
0.0998546
0.0998806
0.0998559
0.0998923
0.0999333
0.099958
0.0999604
0.0999759
0.0999719
0.0999782
0.0999628
0.0999714
0.0999731
0.0999549
0.0999903
0.0999971
0.0999612
0.0999863
0.100011
0.100005
0.0999909
0.100012
0.100022
0.10002
0.100044
0.100045
0.100074
0.10006
0.100057
0.100044
0.100048
0.100029
0.100051
0.100024
0.100012
0.0999966
0.100016
0.100037
0.100029
0.1
0.100011
0.100021
0.100005
0.100013
0.100028
0.10003
0.100022
0.100026
0.100034
0.100033
0.100072
0.100032
0.100052
0.100088
0.100085
0.100066
0.100085
0.100056
0.100067
0.100055
0.100031
0.10001
0.100023
0.100023
0.100004
0.0999879
0.099977
0.0999474
0.0999375
0.0999316
0.099925
0.0999256
0.0999246
0.0999503
0.099916
0.0999193
0.0998916
0.0998705
0.0998548
0.0998522
0.0998583
0.0998595
0.0998661
0.0998732
0.0998831
0.0998945
0.0998903
0.0998541
0.0998683
0.0998285
0.099786
0.0997889
0.0997826
0.099822
0.0998398
0.0998158
0.0998336
0.0998096
0.099821
0.099841
0.0998566
0.0998578
0.0998595
0.0998382
0.0998357
0.0998353
0.0998295
0.0998392
0.0998175
0.0998331
0.099829
0.0998487
0.0998366
0.0998643
0.0998491
0.0998201
0.0998244
0.0998251
0.0998189
0.0998485
0.099865
0.0998704
0.0998599
0.0998553
0.0998649
0.0998603
0.0998598
0.0998594
0.0998558
0.099879
0.0998911
0.0998713
0.099886
0.0998391
0.0998627
0.0998758
0.0998864
0.0998692
0.0998501
0.0998627
0.0998752
0.0998587
0.0998484
0.0998506
0.0998465
0.0998347
0.0998255
0.0998164
0.099817
0.0997856
0.0997843
0.0997638
0.0997593
0.099741
0.099735
0.0997676
0.099742
0.0997134
0.0997116
0.0997241
0.0997053
0.0997254
0.0997308
0.0997233
0.0997363
0.0997538
0.0997545
0.0997506
0.0997396
0.0997535
0.0997262
0.0997127
0.0997195
0.0997161
0.0997087
0.0997206
0.0997385
0.0997108
0.0997059
0.0996849
0.0996998
0.0997025
0.0997027
0.099713
0.0997233
0.0997371
0.0997071
0.0997028
0.0996819
0.0996971
0.0996687
0.0996704
0.0996691
0.0996668
0.0996826
0.0997048
0.0997245
0.0997112
0.0997239
0.0997481
0.0997428
0.0997509
0.099756
0.0997557
0.0997768
0.0997615
0.0998019
0.099808
0.0998225
0.0998137
0.0997886
0.0997932
0.0997666
0.0997663
0.0997487
0.0997385
0.0997835
0.0998034
0.0998104
0.0998514
0.0998407
0.099827
0.0997976
0.0997595
0.0997626
0.0997877
0.0997884
0.0997993
0.0998175
0.0998221
0.0998187
0.0998296
0.0998331
0.0998313
0.0998265
0.0998135
0.0998355
0.0998342
0.0998566
0.0998334
0.0998379
0.0998142
0.0998008
0.0998256
0.0997986
0.0997896
0.0997738
0.0997816
0.0997567
0.0997868
0.0998062
0.0997866
0.0997612
0.0997994
0.0998317
0.0998251
0.0998151
0.099858
0.0998494
0.0998466
0.0998089
0.099831
0.0998058
0.0997901
0.0998156
0.0997961
0.099801
0.0998107
0.0998113
0.0997838
0.0997996
0.0997979
0.0997928
0.0997577
0.0997683
0.0997875
0.0997724
0.0997645
0.0997651
0.0997714
0.0997791
0.0998029
0.0998182
0.0998088
0.0998217
0.099827
0.0998261
0.0998474
0.0998268
0.0998284
0.0998134
0.0998352
0.0998442
0.0998598
0.0998505
0.099837
0.0998348
0.099825
0.0998705
0.0998556
0.0998525
0.0998708
0.099854
0.0998681
0.0998663
0.0998618
0.0998549
0.099855
0.0999006
0.0998918
0.0998873
0.0998836
0.0998906
0.0998949
0.0998672
0.0998423
0.0998299
0.0998476
0.0998403
0.0998289
0.0998267
0.0998273
0.0998186
0.0998717
0.0998653
0.0998562
0.09986
0.0998495
0.0998606
0.0998337
0.0998301
0.0998201
0.0998001
0.0997898
0.0997679
0.0998
0.0997897
0.0997902
0.0997799
0.0997859
0.0997774
0.0997571
0.0997664
0.0997802
0.099793
0.0997646
0.0997561
0.0997539
0.099736
0.099738
0.0997449
0.0997387
0.0997421
0.0997689
0.0997799
0.0998003
0.0998256
0.0998027
0.0998114
0.0998043
0.0998094
0.0998001
0.0997795
0.0997756
0.0997793
0.0998006
0.0997882
0.099782
0.0998126
0.0998073
0.0998168
0.0998107
0.0998309
0.0998314
0.0998293
0.0998272
0.0998375
0.0998207
0.0998244
0.0998178
0.0998121
0.0998092
0.0998057
0.0997916
0.0998046
0.0998034
0.0997969
0.0997824
0.0998258
0.0998074
0.0997832
0.0997834
0.0997786
0.0997841
0.0997745
0.0997597
0.0997871
0.0997938
0.099804
0.0997949
0.0998012
0.0998131
0.0998286
0.0998313
0.0998275
0.0998193
0.0998255
0.0998033
0.099789
0.0997974
0.0997858
0.0997776
0.0997621
0.099747
0.0997562
0.099749
0.099767
0.0997593
0.0997955
0.0997787
0.0997892
0.0997928
0.0998168
0.0998246
0.0998239
0.0998032
0.0997887
0.0997823
0.099763
0.0997683
0.0997749
0.0997699
0.0997614
0.0997529
0.0997802
0.0997416
0.0997242
0.0997007
0.0997056
0.0996787
0.0997007
0.099712
0.0997191
0.0997171
0.0997305
0.0997234
0.0997342
0.0997574
0.099735
0.0997445
0.0997186
0.0997124
0.0997177
0.0997476
0.0997333
0.0997339
0.0997599
0.0997873
0.0997607
0.0997366
0.0997533
0.0997844
0.0997934
0.0997902
0.0997844
0.0997917
0.0997855
0.0997822
0.0997714
0.0997568
0.0997523
0.0997532
0.0997492
0.0997384
0.0997562
0.0997589
0.0997447
0.09976
0.0997655
0.0997556
0.0997763
0.0997668
0.0997661
0.0997675
0.0997684
0.0997468
0.0997687
0.0997993
0.099771
0.0997862
0.0997988
0.0997781
0.0997491
0.0997247
0.0997519
0.0997284
0.0997231
0.0997357
0.0997139
0.0997112
0.0996998
0.0996854
0.0996674
0.0996548
0.0996228
0.0996275
0.0996178
0.0996366
0.0996533
0.0996456
0.0996454
0.0996374
0.0996215
0.099623
0.0996026
0.0996341
0.0996236
0.0996001
0.0996007
0.0995969
0.0995803
0.0995994
0.0996196
0.0996006
0.0996152
0.0996097
0.0995969
0.0996
0.0996148
0.0996297
0.0996356
0.0996411
0.0996295
0.0996269
0.0995978
0.0996115
0.0996283
0.0996241
0.0996445
0.0996221
0.0996056
0.0996127
0.099617
0.0996245
0.0996202
0.0996237
0.0996255
0.0996172
0.0995949
0.0995886
0.0995961
0.0996101
0.0996147
0.099596
0.0996043
0.0995981
0.0995923
0.0995817
0.0995675
0.0995469
0.0995316
0.0995247
0.0995257
0.0995192
0.0994951
0.0995113
0.0994896
0.099464
0.0994842
0.0994717
0.0994856
0.099462
0.0994408
0.0994245
0.0994264
0.0994382
0.099448
0.0994618
0.0994562
0.0994803
0.0994683
0.0994582
0.0994411
0.0994347
0.099433
0.0994289
0.0994273
0.0994473
0.0994342
0.0994329
0.0994285
0.0994309
0.0994233
0.0994456
0.0994427
0.0994575
0.0994417
0.0994499
0.0994443
0.0994316
0.0994539
0.099446
0.099431
0.0994375
0.0994398
0.0994484
0.0994443
0.0994571
0.0994632
0.0994549
0.0994462
0.0994648
0.0994791
0.0995028
0.0994933
0.0994878
0.0994997
0.0994883
0.099487
0.099471
0.09945
0.0994445
0.0994564
0.0994497
0.0994686
0.099487
0.099473
0.0994555
0.0994743
0.0994695
0.0994582
0.0994493
0.0994472
0.0994414
0.099459
0.0994512
0.0994488
0.0994621
0.0994636
0.0994535
0.0994492
0.0994185
0.0994172
0.0994187
0.0994332
0.0994388
0.0994254
0.0994578
0.0994638
0.0994545
0.0994609
0.0994803
0.0994843
0.0994854
0.0994872
0.0994848
0.0994687
0.0994561
0.0994696
0.0994858
0.0994815
0.0994697
0.099473
0.0994528
0.0994274
0.0994262
0.0994355
0.0994161
0.099416
0.0994065
0.0994109
0.0994011
0.0994044
0.0993892
0.0993967
0.0993929
0.0993763
0.0993578
0.0993548
0.0993318
0.0993352
0.0993467
0.0993591
0.099364
0.0993654
0.0993515
0.0993724
0.0993611
0.0993711
0.0993741
0.0993773
0.099378
0.0993884
0.0993977
0.0993789
0.0994079
0.0994041
0.099384
0.0993966
0.0993676
0.0993523
0.0993801
0.0993878
0.0994056
0.0994036
0.099395
0.0993972
0.0994034
0.0993985
0.0994148
0.0994276
0.099426
0.0994208
0.099417
0.0994051
0.0994124
0.0994245
0.0994193
0.0994181
0.0994147
0.099401
0.099395
0.0993824
0.0993787
0.0993937
0.0993859
0.0994061
0.0994349
0.0994382
0.0994235
0.0994153
0.0994207
0.0994291
0.099433
0.0994224
0.0994026
0.0993948
0.099386
0.0993779
0.0993454
0.0993464
0.0993748
0.0993868
0.0993689
0.0993514
0.099364
0.0993702
0.0993712
0.09939
0.0993857
0.0993925
0.0993816
0.0993916
0.0993926
0.0993901
0.0993785
0.0993856
0.0993997
0.0994072
0.0993977
0.0993991
0.0993828
0.0993914
0.0993794
0.0993833
0.0993735
0.0993699
0.0993662
0.0993715
0.0993686
0.0993513
0.0993487
0.099358
0.0993443
0.0993241
0.0993209
0.0993252
0.0993319
0.0993251
0.099325
0.0993432
0.0993289
0.0993145
0.0993266
0.0993295
0.0993412
0.0993459
0.0993408
0.0993497
0.0993247
0.0993219
0.0993261
0.0993193
0.0993214
0.0993086
0.0993246
0.0993203
0.0993259
0.0993086
0.099304
0.099304
0.0993057
0.0993163
0.0993198
0.0993247
0.0992989
0.099283
0.0992908
0.0993211
0.0993109
0.0993253
0.0993006
0.0993097
0.0993034
0.0993231
0.0993143
0.0993262
0.0993058
0.0993149
0.0993251
0.0993132
0.0993342
0.0993535
0.0993551
0.0993715
0.0993701
0.0993588
0.0993766
0.0993594
0.0993978
0.0994053
0.0994053
0.0993993
0.0993986
0.0993881
0.0993946
0.099415
0.0994289
0.0994257
0.0994451
0.0994349
0.0994327
0.0994132
0.0994374
0.0994228
0.0994286
0.0994462
0.099453
0.0994509
0.099465
0.0994501
0.0994486
0.0994347
0.0994191
0.0994411
0.0994493
0.0994431
0.099443
0.0994473
0.099428
0.0994296
0.0994351
0.0994391
0.0994473
0.0994585
0.0994719
0.0994972
0.0994919
0.0994884
0.0994845
0.0995019
0.0995226
0.0995167
0.0994964
0.0994806
0.0994706
0.0994889
0.099485
0.0994849
0.0994882
0.0994911
0.0994951
0.0994872
0.0994823
0.0994816
0.0994855
0.0994803
0.0994751
0.099472
0.0994841
0.0994765
0.0994785
0.0994997
0.0994942
0.0994931
0.0995021
0.0995105
0.0995141
0.0994984
0.0994906
0.0994969
0.0994843
0.099494
0.099504
0.0995029
0.0994805
0.0994848
0.0994787
0.0994779
0.0994708
0.0994505
0.0994793
0.0994648
0.0994754
0.0994814
0.099482
0.0994755
0.0994563
0.0994441
0.099425
0.099439
0.0994352
0.0994288
0.0994504
0.0994517
0.0994429
0.0994585
0.0994534
0.099478
0.0994779
0.0994934
0.0994837
0.0994855
0.0994629
0.0994757
0.0994876
0.0994842
0.0995087
0.0995106
0.0995058
0.0995074
0.0995056
0.0995051
0.0994925
0.0994606
0.0994513
0.099438
0.099435
0.099423
0.0994094
0.0994139
0.0994323
0.0994283
0.0994437
0.0994532
0.099435
0.099434
0.0994668
0.0994473
0.0994466
0.0994642
0.0994461
0.0994519
0.0994742
0.0994574
0.0994612
0.0994552
0.0994748
0.0994619
0.0994511
0.09945
0.0994568
0.0994583
0.0994586
0.0994764
0.0994783
0.0994625
0.0994523
0.099492
0.0994802
0.0994749
0.0994777
0.0994672
0.0994629
0.0994586
0.0994497
0.0994507
0.0994405
0.0994385
0.0994407
0.0994477
0.0994473
0.0994342
0.0994268
0.0994241
0.0994402
0.0994298
0.0994572
0.0994616
0.0994625
0.0994669
0.0994646
0.099471
0.0994545
0.0994672
0.0994752
0.0994687
0.0994699
0.0994736
0.0994671
0.099467
0.099457
0.0994553
0.0994812
0.0994676
0.0994476
0.0994562
0.0994554
0.0994621
0.0994524
0.0994635
0.0994692
0.0994729
0.0994616
0.0994727
0.0994592
0.0994432
0.0994891
0.0994698
0.0994646
0.0994798
0.0994734
0.0994653
0.0994611
0.0994595
0.0994464
0.0994276
0.0994139
0.0994021
0.0993972
0.0993975
0.0993769
0.0993565
0.0993653
0.099358
0.0993503
0.0993443
0.0993379
0.0993448
0.0993508
0.0993435
0.0993347
0.0993419
0.0993318
0.0993356
0.0993236
0.0993478
0.0993622
0.0993782
0.0993741
0.099358
0.0993535
0.099335
0.0993255
0.0993167
0.0993133
0.0993233
0.099344
0.0993354
0.0993436
0.0993442
0.0993573
0.0993541
0.0993538
0.0993509
0.099349
0.0993465
0.0993558
0.0993492
0.0993507
0.0993513
0.0993619
0.0993515
0.0993494
0.0993415
0.0993303
0.0993312
0.099328
0.099346
0.0993382
0.0993441
0.0993419
0.0993627
0.0993456
0.0993335
0.0993291
0.0993293
0.0993321
0.0993095
0.0993108
0.0993129
0.0993153
0.0993357
0.0993379
0.0993801
0.0993844
0.099372
0.0993676
0.0993596
0.0993768
0.0993614
0.0993552
0.0993401
0.099345
0.0993567
0.0993566
0.099359
0.0993577
0.0993771
0.0993706
0.099384
0.0993665
0.099371
0.0993646
0.099367
0.0993697
0.0993607
0.0993662
0.0993595
0.0993466
0.0993512
0.0993411
0.0993453
0.0993459
0.0993706
0.0993614
0.0993553
0.0993656
0.0993643
0.0993771
0.0993874
0.0993755
0.099404
0.0994004
0.0994031
0.0994148
0.0994342
0.0994325
0.0994312
0.0994254
0.0994353
0.0994355
0.0994478
0.0994287
0.0994232
0.0994291
0.0994403
0.0994405
0.0994356
0.0994287
0.0994144
0.0994231
0.0994115
0.0994079
0.0993903
0.0993828
0.0993923
0.0993749
0.0993821
0.0993745
0.0993676
0.0993687
0.0993549
0.0993458
0.0993425
0.0993386
0.0993485
0.0993361
0.099323
0.099331
0.0993322
0.099328
0.0993352
0.099348
0.0993512
0.0993396
0.0993223
0.0993306
0.0993317
0.0993257
0.0993144
0.099299
0.0992996
0.099285
0.0992909
0.0992947
0.0992918
0.0993063
0.0993279
0.0993339
0.0993323
0.0993409
0.0993554
0.0993515
0.099353
0.0993574
0.0993458
0.0993411
0.0993372
0.0993401
0.0993312
0.0993332
0.0993394
0.0993526
0.0993364
0.0993148
0.0993219
0.0993133
0.0993162
0.0993177
0.0993053
0.0992903
0.0992907
0.0992974
0.0993038
0.0993111
0.0993243
0.0993281
0.0993339
0.099321
0.0993192
0.0993227
0.0993033
0.0992852
0.0992762
0.0992759
0.0992855
0.099303
0.0993062
0.099303
0.0993126
0.0993065
0.0993044
0.0992779
0.0992689
0.0992712
0.0992768
0.099284
0.099291
0.0992776
0.0992811
0.0992779
0.0992802
0.0992837
0.0992889
0.0992851
0.0992892
0.0992854
0.0992895
0.0992973
0.0992817
0.0992704
0.0992811
0.0992976
0.099297
0.0992938
0.0993126
0.0993103
0.0993059
0.0993013
0.0993071
0.0993229
0.0993272
0.0993123
0.0992941
0.0992797
0.0992717
0.0992703
0.0992728
0.09927
0.0992625
0.0992728
0.0992525
0.0992574
0.09926
0.0992574
0.0992394
0.0992246
0.099238
0.0992395
0.0992515
0.0992512
0.0992646
0.0992649
0.0992566
0.0992574
0.0992472
0.0992449
0.0992489
0.0992466
0.0992535
0.0992649
0.0992567
0.0992538
0.0992604
0.0992646
0.0992803
0.0992771
0.0992729
0.0992615
0.0992595
0.0992535
0.0992728
0.0992856
0.0992774
0.0992723
0.0992646
0.0992578
0.0992454
0.0992446
0.0992548
0.0992463
0.0992344
0.0992229
0.099224
0.0992435
0.0992345
0.0992325
0.0992247
0.0992326
0.0992369
0.0992464
0.0992442
0.0992546
0.0992375
0.0992403
0.0992207
0.0992291
0.0992434
0.0992431
0.0992541
0.0992369
0.0992381
0.0992389
0.0992652
0.099268
0.0992703
0.0992773
0.0992806
0.0992946
0.0992979
0.0992837
0.0992909
0.099289
0.099285
0.0992797
0.09929
0.0992761
0.0992736
0.0992825
0.0992978
0.0993053
0.0992858
0.0992872
0.0992833
0.0992864
0.0992825
0.0992874
0.0992821
0.0992705
0.09926
0.0992572
0.0992739
0.0992811
0.0992725
0.099275
0.0992863
0.0992722
0.0992627
0.0992511
0.0992672
0.0992763
0.0992843
0.0992815
0.0992703
0.0992595
0.0992777
0.0992664
0.0992689
0.099265
0.0992604
0.0992802
0.0992923
0.0992846
0.0992936
0.0992947
0.0992911
0.0992779
0.0992837
0.0992941
0.0992689
0.0992777
0.0992791
0.0992775
0.0992879
0.0992851
0.0992875
0.0992845
0.0992768
0.0992818
0.0992776
0.099288
0.09928
0.0992817
0.0992849
0.0993057
0.0993212
0.0993119
0.0993101
0.0992984
0.0992984
0.0992984
0.0993046
0.0993008
0.0992981
0.0992988
0.099307
0.0992956
0.0993013
0.0992975
0.0992891
0.0992715
0.0992913
0.0992799
0.0992626
0.099272
0.0992715
0.099269
0.0992739
0.0992777
0.0992717
0.0992863
0.0992863
0.0992906
0.0992849
0.0992906
0.0992879
0.099283
0.09929
0.099308
0.0993043
0.0992895
0.0992822
0.0992905
0.0992779
0.0992758
0.0992621
0.0992586
0.0992591
0.099254
0.0992374
0.0992607
0.0992648
0.0992514
0.0992536
0.0992506
0.0992445
0.0992469
0.0992423
0.0992487
0.0992428
0.0992302
0.0992379
0.099239
0.0992563
0.0992558
0.0992553
0.0992547
0.0992497
0.0992561
0.0992596
0.0992598
0.0992713
0.0992572
0.0992649
0.0992641
0.0992562
0.0992586
0.099266
0.0992694
0.0992779
0.09928
0.0992758
0.0992773
0.0992705
0.0992585
0.0992546
0.0992594
0.0992565
0.099257
0.0992569
0.099248
0.0992424
0.0992469
0.099244
0.0992419
0.0992377
0.0992326
0.0992305
0.0992334
0.0992264
0.0992377
0.0992343
0.0992456
0.0992572
0.0992459
0.0992582
0.0992537
0.0992558
0.0992548
0.0992608
0.0992582
0.0992575
0.0992648
0.0992669
0.0992667
0.0992682
0.099273
0.0992848
0.0992845
0.0992916
0.0992845
0.09929
0.099289
0.0993009
0.099297
0.0993074
0.0993145
0.0993019
0.0993011
0.0992978
0.0992996
0.0992886
0.0992857
0.0992891
0.099289
0.0992916
0.0992882
0.099298
0.0992946
0.0993047
0.0993146
0.0993042
0.099293
0.0992964
0.0992821
0.099286
0.0992792
0.0992759
0.0993134
0.0993002
0.0992945
0.0992971
0.0992847
0.0992777
0.0992775
0.0992767
0.0992868
0.0992942
0.0992966
0.0993084
0.0993169
0.0993086
0.0993097
0.0993112
0.0993182
0.0993073
0.0992924
0.099275
0.0992791
0.0992729
0.0992642
0.0992634
0.0992499
0.099251
0.099251
0.0992599
0.0992607
0.0992559
0.0992533
0.0992605
0.0992597
0.0992563
0.0992475
0.0992474
0.0992482
0.099251
0.0992612
0.0992676
0.0992459
0.0992484
0.09924
0.0992224
0.0992253
0.0992169
0.0992363
0.0992376
0.0992442
0.0992386
0.0992323
0.0992318
0.099229
0.0992273
0.0992301
0.0992296
0.0992172
0.0992083
0.0992129
0.0992178
0.0992094
0.0992062
0.099212
0.0992087
0.0991938
0.0991893
0.0991959
0.0991911
0.0991865
0.0991936
0.0991884
0.099195
0.0991998
0.0991938
0.0992069
0.0992029
0.0991989
0.0991891
0.0991891
0.0991909
0.0991816
0.0991779
0.0991734
0.0991657
0.0991675
0.0991771
0.0991952
0.0991982
0.0992009
0.0991917
0.0992048
0.0992003
0.0991998
0.0992001
0.0992091
0.0992019
0.0991979
0.0992039
0.0992224
0.099222
0.0992125
0.0992065
0.0992202
0.0992028
0.0992011
0.0992044
0.0992082
0.0992321
0.0992476
0.0992508
0.0992525
0.0992465
0.0992413
0.099251
0.0992428
0.0992415
0.0992376
0.0992361
0.0992405
0.0992674
0.0992783
0.0992746
0.0992777
0.099283
0.0992877
0.0992964
0.0993003
0.0993095
0.0993127
0.0993325
0.0993399
0.0993648
0.0993566
0.0993499
0.0993519
0.0993573
0.0993595
0.099358
0.0993517
0.099348
0.0993544
0.0993453
0.0993621
0.0993674
0.0993612
0.0993649
0.0993663
0.0993704
0.0993657
0.0993615
0.0993534
0.0993396
0.0993246
0.0993322
0.0993342
0.0993228
0.0993327
0.0993321
0.0993248
0.0993179
0.0993343
0.0993261
0.099319
0.0993156
0.0993141
0.0993094
0.0992991
0.0993074
0.0993038
0.0993062
0.0992991
0.0992786
0.0992681
0.0992681
0.0992769
0.0992881
0.0992913
0.0992696
